row_id,gold,p_hate,p_offensive,p_normal
0,1,0.003115,0.000230,0.996655
1,1,0.020613,0.054829,0.924558
2,1,0.001166,0.000213,0.998622
3,1,0.898165,0.000641,0.101194
4,0,0.002436,0.001746,0.995818
5,0,0.049656,0.000726,0.949618
6,0,0.005443,0.031230,0.963327
7,0,0.029484,0.000842,0.969674
8,0,0.306412,0.000570,0.693018
9,0,0.045869,0.000258,0.953873
10,1,0.987049,0.002548,0.010403
11,0,0.160662,0.001176,0.838162
12,1,0.746929,0.001027,0.252044
13,0,0.000546,0.000440,0.999014
14,0,0.360694,0.000589,0.638717
15,0,0.052851,0.039010,0.908140
16,1,0.710638,0.171271,0.118091
17,1,0.020142,0.012838,0.967020
18,0,0.000363,0.000944,0.998693
19,1,0.011342,0.000556,0.988102
20,1,0.008707,0.000312,0.990982
21,0,0.002020,0.000173,0.997807
22,0,0.007274,0.000724,0.992001
23,0,0.058971,0.320481,0.620548
24,1,0.012024,0.010950,0.977026
25,0,0.001590,0.000279,0.998131
26,0,0.000557,0.000211,0.999232
27,1,0.253759,0.000781,0.745460
28,1,0.169282,0.000933,0.829785
29,1,0.015462,0.029466,0.955072
30,1,0.085958,0.001582,0.912460
31,1,0.058780,0.003071,0.938149
32,1,0.006698,0.009225,0.984078
33,0,0.346284,0.001173,0.652543
34,1,0.019541,0.003751,0.976708
35,0,0.015741,0.000320,0.983940
36,1,0.318314,0.124635,0.557050
37,1,0.673680,0.001164,0.325155
38,0,0.033719,0.000630,0.965651
39,1,0.989047,0.007906,0.003048
40,1,0.044988,0.002173,0.952838
41,0,0.005068,0.000292,0.994640
42,0,0.289233,0.000712,0.710055
43,0,0.002456,0.000502,0.997042
44,1,0.000923,0.000169,0.998908
45,0,0.004588,0.000332,0.995080
46,0,0.007148,0.001483,0.991369
47,0,0.368388,0.000855,0.630758
48,1,0.137588,0.002768,0.859643
49,0,0.126686,0.002209,0.871105
50,1,0.715725,0.000478,0.283798
51,0,0.138341,0.000934,0.860725
52,0,0.002326,0.000367,0.997306
53,0,0.000495,0.000427,0.999078
54,0,0.081929,0.001945,0.916127
55,1,0.000696,0.001343,0.997961
56,0,0.000473,0.000388,0.999139
57,1,0.974666,0.000660,0.024674
58,1,0.321121,0.004001,0.674877
59,0,0.004677,0.000136,0.995186
60,0,0.000834,0.000262,0.998903
61,1,0.837831,0.003320,0.158848
62,1,0.379042,0.121076,0.499881
63,0,0.001025,0.000391,0.998584
64,1,0.956333,0.000627,0.043040
65,1,0.927442,0.000440,0.072118
66,1,0.005647,0.008552,0.985800
67,1,0.173736,0.003163,0.823102
68,0,0.003251,0.000916,0.995833
69,1,0.918222,0.000312,0.081465
70,0,0.010997,0.000621,0.988382
71,1,0.133103,0.001580,0.865317
72,0,0.022827,0.000289,0.976884
73,0,0.149982,0.003034,0.846984
74,0,0.021416,0.000773,0.977811
75,0,0.128201,0.000603,0.871196
76,0,0.002346,0.000175,0.997479
77,1,0.634974,0.001921,0.363105
78,0,0.080984,0.007464,0.911552
79,0,0.000744,0.000376,0.998880
80,1,0.349467,0.000620,0.649913
81,0,0.002410,0.002416,0.995174
82,1,0.884317,0.110674,0.005009
83,0,0.742695,0.021683,0.235622
84,1,0.960637,0.000594,0.038769
85,1,0.032622,0.002337,0.965041
86,0,0.001961,0.000287,0.997752
87,0,0.038243,0.000500,0.961256
88,1,0.066309,0.003066,0.930625
89,0,0.012351,0.000222,0.987426
90,0,0.008462,0.001526,0.990011
91,1,0.580102,0.007664,0.412234
92,1,0.004012,0.002772,0.993215
93,1,0.726305,0.001112,0.272582
94,0,0.002478,0.000156,0.997366
95,1,0.246605,0.002132,0.751263
96,0,0.000675,0.000304,0.999021
97,1,0.978591,0.000626,0.020784
98,1,0.004833,0.000189,0.994978
99,1,0.145753,0.524757,0.329489
100,0,0.038268,0.000439,0.961294
101,0,0.376545,0.001636,0.621819
102,0,0.004371,0.000163,0.995466
103,1,0.428744,0.001785,0.569471
104,1,0.039939,0.003537,0.956524
105,1,0.231001,0.733077,0.035922
106,1,0.318314,0.124635,0.557050
107,1,0.853489,0.001633,0.144878
108,0,0.004600,0.002270,0.993130
109,0,0.647545,0.000920,0.351535
110,0,0.639467,0.001282,0.359251
111,1,0.102007,0.000832,0.897161
112,0,0.001396,0.000603,0.998001
113,0,0.000765,0.001952,0.997283
114,0,0.025456,0.002223,0.972321
115,1,0.854391,0.000493,0.145116
116,0,0.009412,0.020361,0.970226
117,0,0.002010,0.000463,0.997527
118,0,0.098131,0.304546,0.597323
119,1,0.392735,0.469662,0.137603
120,1,0.994775,0.000717,0.004508
121,0,0.001124,0.000341,0.998534
122,0,0.077111,0.000548,0.922342
123,1,0.032015,0.000688,0.967297
124,1,0.001452,0.001253,0.997295
125,0,0.053449,0.674004,0.272547
126,0,0.000538,0.000332,0.999130
127,1,0.939255,0.005951,0.054793
128,1,0.011722,0.000309,0.987968
129,1,0.632922,0.000666,0.366411
130,1,0.141289,0.000552,0.858158
131,1,0.006601,0.000290,0.993109
132,0,0.011086,0.000167,0.988747
133,0,0.000626,0.000223,0.999151
134,0,0.003195,0.000637,0.996168
135,1,0.068335,0.000610,0.931055
136,1,0.003560,0.001548,0.994893
137,0,0.004062,0.000935,0.995004
138,1,0.859146,0.027742,0.113112
139,0,0.026000,0.000400,0.973600
140,0,0.006584,0.000234,0.993182
141,0,0.535782,0.001789,0.462429
142,1,0.002677,0.000259,0.997064
143,0,0.062229,0.000394,0.937376
144,1,0.484501,0.000476,0.515023
145,0,0.002551,0.011549,0.985900
146,1,0.359930,0.000658,0.639412
147,0,0.073066,0.000354,0.926580
148,0,0.006525,0.000443,0.993032
149,0,0.021530,0.001158,0.977312
150,1,0.409729,0.000827,0.589443
151,0,0.039753,0.000608,0.959639
152,0,0.013712,0.000687,0.985601
153,0,0.236656,0.000614,0.762730
154,0,0.022823,0.000264,0.976912
155,1,0.112471,0.000470,0.887058
156,1,0.992621,0.001646,0.005733
157,1,0.000858,0.000256,0.998886
158,1,0.153638,0.000827,0.845535
159,0,0.001510,0.000222,0.998268
160,1,0.863190,0.000749,0.136061
161,0,0.013516,0.000551,0.985933
162,1,0.097291,0.000301,0.902408
163,1,0.000421,0.000302,0.999277
164,1,0.244193,0.000711,0.755096
165,0,0.004388,0.000273,0.995339
166,0,0.084667,0.000602,0.914731
167,0,0.000726,0.000186,0.999088
168,0,0.072057,0.003435,0.924508
169,1,0.606811,0.001989,0.391199
170,0,0.526683,0.001475,0.471841
171,0,0.000722,0.000420,0.998858
172,0,0.005767,0.010513,0.983719
173,0,0.023717,0.000576,0.975708
174,1,0.322963,0.001770,0.675267
175,0,0.001727,0.000178,0.998096
176,0,0.015445,0.002751,0.981803
177,0,0.729045,0.000752,0.270203
178,1,0.009039,0.000212,0.990749
179,0,0.093873,0.000652,0.905475
180,0,0.009696,0.000307,0.989997
181,1,0.673965,0.262464,0.063572
182,0,0.071233,0.001594,0.927173
183,0,0.006040,0.000205,0.993755
184,0,0.004393,0.004226,0.991382
185,0,0.079152,0.000638,0.920210
186,0,0.028589,0.001020,0.970391
187,1,0.930125,0.001183,0.068693
188,0,0.005275,0.000493,0.994232
189,0,0.964716,0.003102,0.032182
190,0,0.161361,0.012843,0.825796
191,0,0.001478,0.000394,0.998128
192,0,0.001420,0.001037,0.997543
193,0,0.002629,0.000581,0.996790
194,0,0.012582,0.005225,0.982193
195,0,0.831023,0.000605,0.168373
196,0,0.008457,0.000340,0.991203
197,1,0.496022,0.000975,0.503004
198,0,0.455222,0.002289,0.542490
199,0,0.951578,0.001171,0.047252
200,0,0.013792,0.000193,0.986015
201,0,0.013992,0.000372,0.985637
202,0,0.043923,0.000280,0.955797
203,0,0.005733,0.001536,0.992730
204,0,0.001704,0.001225,0.997071
205,0,0.025143,0.002655,0.972201
206,1,0.066134,0.000471,0.933395
207,1,0.957988,0.000825,0.041188
208,1,0.106894,0.041417,0.851689
209,1,0.004705,0.001285,0.994010
210,0,0.390565,0.000677,0.608758
211,1,0.048265,0.145789,0.805946
212,1,0.084146,0.039250,0.876604
213,1,0.980828,0.002382,0.016790
214,1,0.875667,0.010117,0.114216
215,1,0.378689,0.598864,0.022447
216,1,0.593962,0.000531,0.405506
217,1,0.052598,0.000672,0.946730
218,1,0.991504,0.000641,0.007855
219,1,0.004705,0.001285,0.994010
220,1,0.825002,0.001131,0.173868
221,1,0.000969,0.000271,0.998760
222,1,0.004705,0.001285,0.994010
223,1,0.292645,0.300865,0.406489
224,1,0.947171,0.000348,0.052481
225,1,0.004705,0.001285,0.994010
226,1,0.274561,0.000785,0.724654
227,1,0.004705,0.001285,0.994010
228,1,0.105075,0.124486,0.770439
229,1,0.099275,0.347325,0.553400
230,1,0.070033,0.000249,0.929718
231,1,0.009442,0.000586,0.989972
232,1,0.004705,0.001285,0.994010
233,1,0.001592,0.000630,0.997777
234,1,0.071214,0.022569,0.906217
235,1,0.002260,0.006800,0.990940
236,1,0.120331,0.015807,0.863862
237,1,0.783913,0.000484,0.215602
238,1,0.004705,0.001285,0.994010
239,1,0.938395,0.050156,0.011448
240,1,0.038989,0.006913,0.954099
241,1,0.112840,0.000648,0.886512
242,1,0.959873,0.000699,0.039428
243,1,0.991604,0.001323,0.007072
244,1,0.091285,0.717193,0.191521
245,1,0.340738,0.000867,0.658395
246,1,0.029696,0.003579,0.966725
247,1,0.260647,0.350306,0.389047
248,1,0.348993,0.003279,0.647728
249,1,0.001485,0.000971,0.997544
250,1,0.664964,0.000453,0.334584
251,1,0.046935,0.172192,0.780873
252,1,0.017851,0.000419,0.981730
253,1,0.273333,0.193906,0.532761
254,0,0.137368,0.000838,0.861794
255,1,0.029099,0.000340,0.970562
256,1,0.000460,0.000235,0.999305
257,1,0.275131,0.000419,0.724450
258,0,0.043977,0.033365,0.922658
259,1,0.690753,0.000649,0.308598
260,1,0.975057,0.006767,0.018176
261,0,0.005373,0.001848,0.992778
262,0,0.029605,0.034565,0.935830
263,1,0.806456,0.000517,0.193027
264,1,0.070187,0.043273,0.886541
265,1,0.140951,0.744279,0.114770
266,0,0.435308,0.000868,0.563824
267,1,0.104385,0.000684,0.894931
268,1,0.473559,0.007970,0.518472
269,1,0.070663,0.015361,0.913976
270,0,0.024515,0.000429,0.975056
271,1,0.546391,0.000885,0.452724
272,0,0.032707,0.000462,0.966831
273,0,0.016349,0.000288,0.983363
274,0,0.044389,0.001283,0.954328
275,0,0.036867,0.000219,0.962914
276,1,0.595125,0.000960,0.403915
277,0,0.006879,0.000257,0.992864
278,1,0.116370,0.008579,0.875051
279,1,0.986671,0.000315,0.013014
280,1,0.874978,0.001080,0.123942
281,0,0.026539,0.050651,0.922810
282,0,0.014377,0.000754,0.984869
283,1,0.002512,0.000494,0.996994
284,0,0.051505,0.000562,0.947933
285,1,0.114407,0.001009,0.884584
286,1,0.165375,0.078779,0.755846
287,0,0.472257,0.473247,0.054496
288,0,0.003500,0.000436,0.996064
289,1,0.672486,0.131052,0.196462
290,0,0.443787,0.000742,0.555471
291,0,0.067252,0.001283,0.931464
292,0,0.004218,0.001114,0.994668
293,0,0.005836,0.057121,0.937043
294,1,0.007854,0.000542,0.991604
295,0,0.004124,0.043753,0.952122
296,0,0.016450,0.000435,0.983115
297,0,0.043241,0.000432,0.956327
298,1,0.016043,0.006046,0.977911
299,0,0.003834,0.000408,0.995757
300,1,0.635540,0.000436,0.364025
301,1,0.079945,0.003073,0.916981
302,0,0.001605,0.001042,0.997353
303,1,0.143510,0.090494,0.765996
304,1,0.174647,0.001674,0.823678
305,1,0.287270,0.672581,0.040148
306,0,0.010794,0.000320,0.988886
307,0,0.020845,0.001501,0.977654
308,1,0.860266,0.000567,0.139166
309,0,0.004204,0.000438,0.995358
310,1,0.996266,0.000919,0.002815
311,0,0.971604,0.000714,0.027682
312,1,0.064367,0.729759,0.205874
313,1,0.336803,0.000900,0.662297
314,1,0.299654,0.040508,0.659838
315,0,0.001614,0.000182,0.998204
316,0,0.713371,0.005187,0.281442
317,0,0.002908,0.000187,0.996905
318,1,0.027561,0.002160,0.970279
319,0,0.000468,0.000201,0.999331
320,1,0.421353,0.002212,0.576435
321,0,0.001225,0.000137,0.998637
322,0,0.111809,0.000682,0.887510
323,1,0.449774,0.002350,0.547876
324,0,0.004288,0.000435,0.995276
325,0,0.362825,0.010769,0.626407
326,1,0.170422,0.370337,0.459241
327,1,0.009229,0.000383,0.990388
328,0,0.035037,0.012187,0.952776
329,1,0.991008,0.000642,0.008351
330,1,0.386668,0.418367,0.194964
331,1,0.621516,0.003570,0.374914
332,1,0.191698,0.004636,0.803666
333,0,0.000458,0.002091,0.997451
334,1,0.211120,0.000865,0.788015
335,0,0.038943,0.001032,0.960026
336,0,0.000799,0.000702,0.998499
337,1,0.277190,0.000972,0.721838
338,0,0.784482,0.000591,0.214928
339,0,0.010448,0.024800,0.964751
340,0,0.000694,0.000422,0.998884
341,1,0.931700,0.000349,0.067951
342,1,0.636728,0.000607,0.362665
343,0,0.000986,0.000393,0.998622
344,0,0.005400,0.000445,0.994155
345,0,0.039767,0.000272,0.959961
346,0,0.010493,0.005707,0.983801
347,1,0.032667,0.000437,0.966896
348,0,0.019481,0.001148,0.979371
349,0,0.081409,0.003683,0.914908
350,1,0.947517,0.000372,0.052111
351,0,0.001277,0.000180,0.998543
352,1,0.001911,0.000191,0.997898
353,0,0.000583,0.000403,0.999013
354,0,0.040951,0.414570,0.544479
355,1,0.244139,0.001261,0.754601
356,0,0.043439,0.000630,0.955931
357,0,0.003247,0.000160,0.996593
358,0,0.001057,0.000241,0.998702
359,0,0.000742,0.000189,0.999070
360,0,0.001190,0.000474,0.998336
361,0,0.000756,0.000438,0.998806
362,1,0.093605,0.018788,0.887607
363,0,0.320633,0.000811,0.678556
364,1,0.947173,0.000484,0.052343
365,1,0.028494,0.001509,0.969997
366,0,0.006887,0.000971,0.992141
367,1,0.072703,0.000475,0.926823
368,1,0.986020,0.002021,0.011959
369,1,0.973997,0.006054,0.019950
370,1,0.991157,0.000932,0.007911
371,1,0.992226,0.000710,0.007065
372,0,0.025265,0.000537,0.974198
373,1,0.889295,0.000638,0.110067
374,0,0.796509,0.000761,0.202731
375,1,0.052534,0.000432,0.947034
376,1,0.014022,0.011706,0.974272
377,0,0.114829,0.000536,0.884635
378,0,0.010532,0.000293,0.989175
379,0,0.001067,0.000311,0.998622
380,1,0.995751,0.001070,0.003179
381,0,0.001315,0.000215,0.998470
382,0,0.070410,0.001441,0.928149
383,1,0.812162,0.064133,0.123705
384,0,0.917099,0.000613,0.082288
385,0,0.173329,0.000518,0.826154
386,0,0.003087,0.000202,0.996711
387,0,0.000575,0.000309,0.999116
388,0,0.007207,0.000580,0.992213
389,0,0.008465,0.000210,0.991324
390,0,0.017230,0.000652,0.982119
391,0,0.030571,0.000379,0.969051
392,1,0.849110,0.001432,0.149458
393,1,0.013805,0.000487,0.985708
394,1,0.014400,0.000819,0.984781
395,1,0.324393,0.001398,0.674209
396,1,0.300894,0.002012,0.697094
397,1,0.915563,0.000520,0.083917
398,1,0.474381,0.157663,0.367956
399,1,0.983789,0.002105,0.014106
400,1,0.004015,0.006613,0.989372
401,1,0.004833,0.000195,0.994972
402,1,0.378830,0.000712,0.620458
403,0,0.057505,0.001131,0.941365
404,1,0.100083,0.005170,0.894747
405,1,0.233478,0.330306,0.436216
406,1,0.899272,0.002850,0.097879
407,1,0.971850,0.001086,0.027064
408,1,0.003561,0.000650,0.995789
409,1,0.002278,0.000191,0.997531
410,0,0.442938,0.002789,0.554274
411,1,0.036911,0.000725,0.962364
412,0,0.080393,0.000759,0.918848
413,0,0.000540,0.000325,0.999135
414,1,0.003208,0.000652,0.996140
415,0,0.001986,0.000203,0.997811
416,0,0.001526,0.000797,0.997677
417,1,0.419874,0.000889,0.579237
418,1,0.047697,0.528592,0.423710
419,0,0.000804,0.000260,0.998936
420,1,0.072153,0.689095,0.238752
421,0,0.956571,0.000480,0.042949
422,1,0.068459,0.000799,0.930742
423,1,0.124626,0.847791,0.027582
424,1,0.013502,0.000425,0.986072
425,1,0.991142,0.000427,0.008432
426,1,0.007973,0.000421,0.991606
427,0,0.000566,0.000622,0.998812
428,1,0.064295,0.000909,0.934796
429,1,0.862864,0.000627,0.136509
430,0,0.031922,0.000490,0.967589
431,0,0.002558,0.000318,0.997124
432,0,0.057575,0.000760,0.941665
433,0,0.013980,0.002389,0.983630
434,0,0.014006,0.000509,0.985485
435,0,0.150801,0.000571,0.848627
436,0,0.187184,0.003094,0.809722
437,0,0.000973,0.000162,0.998865
438,0,0.030634,0.000901,0.968465
439,1,0.631288,0.000829,0.367884
440,0,0.001040,0.000218,0.998742
441,0,0.002857,0.000458,0.996686
442,1,0.821064,0.000607,0.178329
443,0,0.422419,0.031635,0.545946
444,0,0.003924,0.002405,0.993671
445,0,0.929574,0.000668,0.069757
446,0,0.011147,0.000945,0.987909
447,1,0.935878,0.049259,0.014862
448,0,0.003612,0.000145,0.996243
449,1,0.229815,0.613854,0.156330
450,0,0.007665,0.000268,0.992068
451,0,0.002012,0.000801,0.997187
452,1,0.253157,0.021433,0.725410
453,0,0.006378,0.000452,0.993170
454,1,0.002975,0.000727,0.996298
455,0,0.063043,0.000786,0.936171
456,1,0.055322,0.000602,0.944075
457,0,0.000370,0.000574,0.999056
458,1,0.906667,0.000847,0.092485
459,0,0.001079,0.000250,0.998671
460,0,0.848678,0.000584,0.150737
461,0,0.002897,0.000175,0.996928
462,0,0.000942,0.000166,0.998892
463,1,0.972472,0.019268,0.008261
464,1,0.678584,0.131304,0.190112
465,1,0.849012,0.001854,0.149133
466,1,0.944345,0.029151,0.026503
467,0,0.420334,0.000934,0.578733
468,0,0.000638,0.000244,0.999118
469,1,0.963571,0.000616,0.035813
470,1,0.531860,0.001766,0.466374
471,1,0.123356,0.000422,0.876223
472,1,0.859340,0.000713,0.139947
473,0,0.079285,0.000783,0.919932
474,1,0.020147,0.001100,0.978754
475,0,0.000459,0.000273,0.999268
476,1,0.047130,0.916318,0.036553
477,0,0.030121,0.095311,0.874568
478,0,0.006289,0.000225,0.993486
479,1,0.171671,0.386209,0.442120
480,1,0.989324,0.002026,0.008650
481,0,0.001592,0.000630,0.997777
482,0,0.258554,0.270658,0.470788
483,0,0.035081,0.041060,0.923859
484,1,0.990889,0.001452,0.007659
485,0,0.423916,0.000591,0.575493
486,1,0.984690,0.000941,0.014369
487,1,0.048347,0.140237,0.811416
488,1,0.040267,0.000208,0.959524
489,0,0.030146,0.001851,0.968003
490,0,0.186539,0.001092,0.812369
491,0,0.001827,0.000425,0.997748
492,1,0.974383,0.004056,0.021561
493,0,0.373708,0.001506,0.624786
494,0,0.798497,0.003837,0.197666
495,0,0.000548,0.000546,0.998905
496,1,0.004432,0.002094,0.993474
497,0,0.000744,0.000275,0.998981
498,0,0.001377,0.002158,0.996466
499,0,0.096026,0.001131,0.902843
500,0,0.051665,0.001269,0.947066
501,0,0.010086,0.000581,0.989333
502,0,0.004169,0.000407,0.995424
503,0,0.000977,0.000201,0.998821
504,1,0.605853,0.002723,0.391424
505,0,0.028882,0.000666,0.970452
506,1,0.040263,0.005508,0.954229
507,1,0.000442,0.000822,0.998736
508,1,0.262915,0.000976,0.736109
509,1,0.378944,0.460268,0.160788
510,1,0.102543,0.000445,0.897012
511,0,0.022184,0.000515,0.977301
512,0,0.019909,0.000256,0.979835
513,0,0.900620,0.000617,0.098763
514,1,0.000897,0.000308,0.998795
515,1,0.987930,0.002254,0.009816
516,1,0.046039,0.000418,0.953543
517,0,0.313293,0.001761,0.684946
518,1,0.340109,0.617078,0.042813
519,1,0.833876,0.000715,0.165409
520,1,0.075244,0.000780,0.923976
521,1,0.937389,0.000679,0.061932
522,1,0.245528,0.012688,0.741784
523,0,0.045812,0.000786,0.953403
524,1,0.097091,0.000506,0.902403
525,0,0.285128,0.000651,0.714221
526,1,0.496899,0.000398,0.502703
527,1,0.044367,0.001301,0.954332
528,1,0.006155,0.000781,0.993064
529,1,0.189360,0.042505,0.768136
530,0,0.958061,0.000849,0.041090
531,0,0.000316,0.000338,0.999345
532,1,0.299155,0.007512,0.693333
533,1,0.256385,0.002260,0.741355
534,0,0.001615,0.000307,0.998079
535,1,0.001924,0.002007,0.996069
536,1,0.993643,0.000696,0.005660
537,0,0.000758,0.000355,0.998887
538,0,0.175312,0.001135,0.823553
539,0,0.514270,0.000590,0.485140
540,1,0.890501,0.000731,0.108767
541,1,0.016985,0.182024,0.800990
542,1,0.991962,0.000870,0.007167
543,1,0.081433,0.607560,0.311006
544,1,0.715392,0.002321,0.282288
545,0,0.001213,0.001672,0.997115
546,1,0.975432,0.006576,0.017991
547,0,0.037354,0.000330,0.962316
548,0,0.113411,0.000555,0.886034
549,0,0.668284,0.000847,0.330869
550,0,0.005760,0.001295,0.992944
551,0,0.040225,0.001880,0.957895
552,1,0.208907,0.001011,0.790082
553,1,0.327032,0.000647,0.672321
554,1,0.805061,0.000509,0.194430
555,0,0.031860,0.000313,0.967827
556,0,0.022280,0.000407,0.977313
557,0,0.006516,0.001156,0.992329
558,1,0.002263,0.003712,0.994025
559,0,0.000578,0.001584,0.997837
560,0,0.972484,0.000769,0.026746
561,0,0.010157,0.001236,0.988606
562,0,0.975577,0.000837,0.023586
563,1,0.278364,0.003141,0.718495
564,1,0.001138,0.000241,0.998621
565,1,0.405335,0.575929,0.018736
566,1,0.031519,0.000319,0.968162
567,1,0.021430,0.000575,0.977995
568,0,0.009770,0.003147,0.987083
569,1,0.582462,0.001179,0.416359
570,0,0.002230,0.000776,0.996995
571,1,0.317347,0.000522,0.682131
572,0,0.000800,0.000324,0.998877
573,1,0.944301,0.053568,0.002131
574,0,0.367914,0.000645,0.631441
575,1,0.903265,0.000477,0.096258
576,0,0.002498,0.000153,0.997350
577,0,0.046628,0.001320,0.952053
578,1,0.890687,0.014691,0.094622
579,0,0.079484,0.000669,0.919847
580,0,0.759067,0.000599,0.240334
581,1,0.211653,0.000805,0.787542
582,1,0.159717,0.000681,0.839602
583,1,0.395929,0.000984,0.603088
584,1,0.359977,0.622531,0.017491
585,1,0.467789,0.000494,0.531717
586,0,0.006262,0.017507,0.976231
587,1,0.583234,0.000479,0.416287
588,0,0.014185,0.000587,0.985229
589,0,0.002747,0.000189,0.997064
590,1,0.281085,0.000898,0.718017
591,1,0.004256,0.001266,0.994478
592,1,0.417960,0.292555,0.289485
593,0,0.518058,0.002603,0.479339
594,1,0.061597,0.909185,0.029218
595,1,0.292037,0.684610,0.023353
596,1,0.829365,0.002161,0.168475
597,0,0.030239,0.000270,0.969491
598,0,0.002899,0.000507,0.996593
599,0,0.001960,0.007259,0.990780
600,0,0.008344,0.000838,0.990818
601,0,0.444802,0.000845,0.554352
602,1,0.965588,0.000402,0.034010
603,0,0.010848,0.001201,0.987951
604,0,0.005405,0.000213,0.994383
605,1,0.017510,0.000380,0.982110
606,0,0.054142,0.000827,0.945032
607,1,0.344426,0.000559,0.655015
608,1,0.810272,0.002433,0.187296
609,0,0.792232,0.000861,0.206907
610,0,0.293888,0.005115,0.700997
611,1,0.013698,0.000371,0.985931
612,0,0.002794,0.000246,0.996960
613,1,0.001867,0.000722,0.997411
614,0,0.001170,0.001240,0.997590
615,0,0.044285,0.000877,0.954837
616,1,0.343832,0.001280,0.654888
617,0,0.001768,0.000207,0.998026
618,0,0.000580,0.000760,0.998660
619,0,0.002672,0.000242,0.997087
620,1,0.667815,0.000534,0.331651
621,1,0.002969,0.000518,0.996513
622,1,0.002286,0.001094,0.996619
623,1,0.986653,0.001652,0.011695
624,0,0.982249,0.000333,0.017418
625,1,0.012334,0.001174,0.986492
626,1,0.182125,0.663488,0.154387
627,0,0.579643,0.000943,0.419414
628,1,0.416080,0.000619,0.583301
629,1,0.839250,0.000778,0.159972
630,0,0.002850,0.000764,0.996386
631,0,0.015470,0.001260,0.983270
632,1,0.254573,0.000684,0.744742
633,1,0.063793,0.001458,0.934749
634,0,0.000646,0.001780,0.997574
635,0,0.441021,0.000871,0.558107
636,0,0.001846,0.001408,0.996746
637,0,0.010984,0.000501,0.988514
638,0,0.060271,0.000710,0.939019
639,1,0.983003,0.003107,0.013889
640,0,0.000913,0.000164,0.998922
641,1,0.099591,0.002951,0.897458
642,1,0.044928,0.908594,0.046478
643,1,0.484314,0.000591,0.515095
644,1,0.974151,0.001961,0.023888
645,1,0.021456,0.002194,0.976351
646,1,0.921695,0.006545,0.071760
647,1,0.710927,0.000874,0.288198
648,0,0.069495,0.000303,0.930202
649,0,0.437189,0.000943,0.561868
650,0,0.002303,0.000451,0.997246
651,0,0.829104,0.000577,0.170318
652,1,0.018442,0.000195,0.981362
653,1,0.129690,0.000915,0.869395
654,0,0.015497,0.001011,0.983492
655,0,0.043520,0.000420,0.956061
656,0,0.832434,0.088148,0.079418
657,1,0.060700,0.049963,0.889337
658,1,0.157037,0.160243,0.682720
659,1,0.342600,0.004979,0.652421
660,0,0.148893,0.000665,0.850442
661,0,0.001139,0.001322,0.997540
662,1,0.037581,0.000623,0.961796
663,1,0.118668,0.003343,0.877990
664,0,0.202193,0.005950,0.791857
665,1,0.722611,0.000811,0.276578
666,1,0.140990,0.009285,0.849725
667,0,0.001237,0.000181,0.998582
668,0,0.416686,0.000971,0.582343
669,0,0.978174,0.000369,0.021457
670,0,0.148206,0.003105,0.848689
671,1,0.974619,0.009358,0.016023
672,1,0.006685,0.000219,0.993096
673,0,0.112033,0.000753,0.887214
674,0,0.594353,0.000821,0.404826
675,0,0.914395,0.000669,0.084936
676,0,0.169390,0.000619,0.829991
677,1,0.576766,0.406005,0.017229
678,0,0.120496,0.000412,0.879092
679,0,0.580127,0.000631,0.419242
680,1,0.012550,0.000297,0.987154
681,1,0.282470,0.014811,0.702719
682,0,0.013034,0.000272,0.986694
683,0,0.991568,0.000421,0.008012
684,0,0.797096,0.000468,0.202436
685,1,0.561227,0.005995,0.432778
686,1,0.078184,0.000618,0.921199
687,0,0.008017,0.000391,0.991592
688,0,0.000750,0.000327,0.998923
689,0,0.355169,0.000663,0.644168
690,0,0.250405,0.000488,0.749107
691,0,0.061028,0.005141,0.933831
692,0,0.411011,0.000706,0.588283
693,1,0.157009,0.000703,0.842288
694,1,0.006646,0.002825,0.990529
695,0,0.528583,0.000544,0.470872
696,0,0.006653,0.000496,0.992851
697,0,0.130454,0.000754,0.868793
698,1,0.181764,0.000731,0.817505
699,1,0.516892,0.000808,0.482300
700,0,0.061781,0.014550,0.923669
701,1,0.000630,0.000245,0.999125
702,0,0.357983,0.000567,0.641450
703,0,0.193805,0.001461,0.804733
704,1,0.991067,0.000575,0.008358
705,0,0.069397,0.000623,0.929980
706,0,0.000947,0.000758,0.998294
707,0,0.002945,0.000214,0.996841
708,1,0.785026,0.002286,0.212689
709,1,0.330035,0.001364,0.668601
710,0,0.086946,0.000593,0.912461
711,0,0.010820,0.009183,0.979997
712,1,0.722923,0.001872,0.275205
713,1,0.563893,0.001166,0.434941
714,1,0.691025,0.077081,0.231894
715,0,0.028599,0.000619,0.970782
716,0,0.487344,0.001934,0.510722
717,0,0.707393,0.002446,0.290161
718,1,0.010412,0.000540,0.989048
719,1,0.440171,0.000990,0.558838
720,1,0.908566,0.001659,0.089774
721,0,0.589037,0.000666,0.410297
722,0,0.001580,0.000430,0.997990
723,1,0.252157,0.000582,0.747262
724,0,0.001189,0.000284,0.998528
725,1,0.988859,0.000454,0.010687
726,1,0.905253,0.000272,0.094476
727,1,0.593023,0.001524,0.405452
728,1,0.024745,0.001881,0.973374
729,1,0.993656,0.000962,0.005382
730,1,0.671121,0.000374,0.328505
731,1,0.889238,0.000565,0.110197
732,1,0.823108,0.000408,0.176484
733,1,0.457312,0.000977,0.541711
734,1,0.930714,0.055000,0.014287
735,1,0.000752,0.000192,0.999055
736,0,0.000871,0.000845,0.998285
737,0,0.966674,0.014078,0.019248
738,0,0.020212,0.001254,0.978534
739,1,0.179098,0.000664,0.820237
740,1,0.160707,0.001683,0.837610
741,1,0.310938,0.000370,0.688691
742,1,0.982938,0.014725,0.002337
743,1,0.910718,0.000774,0.088508
744,1,0.314736,0.001703,0.683561
745,0,0.066403,0.007472,0.926126
746,0,0.000275,0.003083,0.996642
747,1,0.571195,0.000672,0.428133
748,1,0.064429,0.909301,0.026270
749,0,0.437243,0.000811,0.561946
750,0,0.088058,0.000968,0.910973
751,0,0.785239,0.000482,0.214279
752,1,0.703588,0.001324,0.295088
753,0,0.021146,0.000476,0.978378
754,0,0.445488,0.001020,0.553492
755,0,0.000875,0.000253,0.998872
756,0,0.174547,0.015381,0.810073
757,0,0.000514,0.001779,0.997707
758,0,0.146090,0.045364,0.808546
759,0,0.063042,0.020575,0.916382
760,1,0.789959,0.000639,0.209402
761,1,0.128870,0.052333,0.818798
762,0,0.077277,0.001705,0.921019
763,0,0.183834,0.011198,0.804968
764,0,0.019302,0.001172,0.979526
765,0,0.081083,0.027821,0.891097
766,0,0.033857,0.000660,0.965483
767,1,0.976152,0.000929,0.022918
768,1,0.617001,0.000717,0.382283
769,0,0.076111,0.001237,0.922652
770,0,0.017778,0.000411,0.981810
771,1,0.000607,0.000519,0.998874
772,1,0.079242,0.069156,0.851602
773,0,0.008541,0.000530,0.990929
774,0,0.012256,0.000503,0.987241
775,0,0.088259,0.238503,0.673238
776,0,0.002605,0.000282,0.997113
777,0,0.001383,0.000221,0.998397
778,1,0.828246,0.000989,0.170766
779,0,0.000685,0.000243,0.999072
780,1,0.263153,0.000976,0.735870
781,0,0.002814,0.000235,0.996951
782,0,0.035463,0.007019,0.957518
783,0,0.226734,0.007704,0.765562
784,0,0.832306,0.021474,0.146220
785,0,0.182213,0.001263,0.816524
786,1,0.026417,0.109537,0.864046
787,0,0.737863,0.000706,0.261431
788,1,0.918610,0.002581,0.078809
789,1,0.750707,0.061488,0.187804
790,1,0.677796,0.256113,0.066091
791,1,0.337578,0.001156,0.661266
792,0,0.988247,0.000487,0.011266
793,1,0.844015,0.000440,0.155545
794,0,0.929301,0.023355,0.047345
795,1,0.908762,0.000537,0.090701
796,1,0.386023,0.000530,0.613447
797,0,0.000529,0.000286,0.999185
798,0,0.253470,0.000537,0.745993
799,1,0.074509,0.001762,0.923730
800,0,0.000767,0.000291,0.998942
801,1,0.172213,0.143520,0.684267
802,1,0.614951,0.000860,0.384189
803,1,0.983845,0.000440,0.015715
804,1,0.273868,0.017276,0.708856
805,1,0.226917,0.000638,0.772445
806,1,0.962338,0.000554,0.037108
807,1,0.746129,0.000683,0.253188
808,1,0.840238,0.000597,0.159165
809,1,0.980577,0.003907,0.015516
810,1,0.761989,0.000665,0.237346
811,1,0.644629,0.000590,0.354781
812,1,0.415797,0.000815,0.583388
813,1,0.163052,0.000453,0.836495
814,1,0.962613,0.000615,0.036772
815,1,0.715630,0.002099,0.282270
816,0,0.940435,0.004594,0.054971
817,0,0.086518,0.000469,0.913013
818,1,0.014861,0.000247,0.984893
819,1,0.677393,0.001883,0.320724
820,0,0.036715,0.010696,0.952589
821,1,0.030702,0.000750,0.968548
822,1,0.016642,0.000725,0.982633
823,1,0.033037,0.000409,0.966554
824,1,0.070112,0.010049,0.919839
825,1,0.001035,0.002266,0.996698
826,1,0.015565,0.000315,0.984120
827,0,0.041578,0.644960,0.313462
828,1,0.921916,0.000626,0.077459
829,0,0.078111,0.000844,0.921045
830,1,0.029626,0.000492,0.969881
831,0,0.000538,0.000916,0.998546
832,1,0.529430,0.000519,0.470051
833,1,0.007343,0.000207,0.992450
834,0,0.051202,0.001761,0.947037
835,1,0.886207,0.000947,0.112846
836,1,0.071140,0.000395,0.928465
837,1,0.807066,0.000548,0.192387
838,1,0.925910,0.000671,0.073420
839,1,0.262077,0.000692,0.737231
840,1,0.252339,0.000751,0.746910
841,1,0.469143,0.000740,0.530117
842,1,0.834294,0.000678,0.165028
843,0,0.004843,0.000155,0.995002
844,1,0.882515,0.000386,0.117099
845,1,0.916016,0.000760,0.083224
846,0,0.668823,0.000750,0.330427
847,0,0.416907,0.061103,0.521989
848,0,0.562596,0.000811,0.436592
849,0,0.010029,0.000363,0.989608
850,0,0.523236,0.000864,0.475900
851,1,0.449642,0.001028,0.549329
852,0,0.022534,0.132024,0.845442
853,0,0.010810,0.209072,0.780118
854,0,0.006709,0.018913,0.974378
855,0,0.003720,0.000705,0.995575
856,0,0.026661,0.000199,0.973140
857,0,0.853374,0.000570,0.146056
858,0,0.016019,0.000835,0.983145
859,1,0.959021,0.019835,0.021144
860,0,0.002038,0.000190,0.997772
861,1,0.002282,0.006808,0.990910
862,1,0.002755,0.000243,0.997003
863,0,0.030478,0.146629,0.822893
864,0,0.002413,0.002555,0.995032
865,1,0.371171,0.000575,0.628254
866,1,0.002224,0.021783,0.975993
867,0,0.180840,0.000770,0.818390
868,0,0.000514,0.010351,0.989136
869,0,0.001840,0.000212,0.997948
870,1,0.935770,0.011353,0.052877
871,1,0.000540,0.000345,0.999115
872,1,0.584139,0.010113,0.405748
873,1,0.000778,0.003974,0.995248
874,1,0.000696,0.000412,0.998893
875,0,0.001253,0.000180,0.998567
876,1,0.222404,0.000615,0.776981
877,1,0.933392,0.001388,0.065219
878,1,0.000375,0.000416,0.999210
879,0,0.002002,0.000535,0.997464
880,0,0.364354,0.000936,0.634710
881,0,0.044458,0.281755,0.673787
882,1,0.678158,0.001519,0.320323
883,0,0.001997,0.000205,0.997798
884,1,0.984453,0.001606,0.013940
885,0,0.000628,0.000232,0.999140
886,1,0.183310,0.000915,0.815775
887,0,0.001534,0.000316,0.998150
888,0,0.001382,0.000308,0.998310
889,0,0.885707,0.000498,0.113795
890,0,0.037354,0.000330,0.962316
891,0,0.001083,0.000229,0.998688
892,0,0.013524,0.000256,0.986220
893,1,0.959830,0.000435,0.039735
894,0,0.061955,0.000472,0.937573
895,0,0.009091,0.000201,0.990708
896,0,0.040837,0.000533,0.958629
897,0,0.037500,0.000387,0.962113
898,0,0.325712,0.000491,0.673798
899,0,0.012325,0.000459,0.987215
900,1,0.779466,0.000941,0.219593
901,0,0.037618,0.000341,0.962041
902,0,0.171973,0.001266,0.826761
903,0,0.407635,0.000534,0.591830
904,0,0.140064,0.001269,0.858667
905,0,0.005889,0.000167,0.993943
906,0,0.002824,0.000150,0.997027
907,0,0.989074,0.001258,0.009668
908,1,0.474790,0.000691,0.524519
909,0,0.000730,0.000218,0.999052
910,0,0.932498,0.000715,0.066787
911,0,0.380569,0.001842,0.617589
912,1,0.036459,0.000316,0.963225
913,0,0.979420,0.000422,0.020158
914,0,0.000922,0.000167,0.998911
915,1,0.327059,0.000700,0.672241
916,1,0.042160,0.072197,0.885643
917,1,0.759314,0.000857,0.239829
918,0,0.001349,0.005337,0.993315
919,1,0.061421,0.000518,0.938061
920,1,0.211790,0.004260,0.783950
921,0,0.003571,0.000181,0.996248
922,0,0.023673,0.000711,0.975616
923,0,0.412520,0.000841,0.586639
924,0,0.611600,0.000579,0.387821
925,1,0.925826,0.020042,0.054132
926,0,0.004180,0.007544,0.988276
927,1,0.972013,0.004800,0.023187
928,0,0.001297,0.000172,0.998531
929,0,0.000808,0.000246,0.998947
930,0,0.029701,0.001399,0.968900
931,1,0.832757,0.000664,0.166579
932,0,0.293943,0.001471,0.704586
933,0,0.005046,0.000271,0.994682
934,1,0.005379,0.008874,0.985746
935,1,0.600974,0.007466,0.391561
936,0,0.055502,0.000309,0.944190
937,0,0.063616,0.000345,0.936038
938,0,0.001055,0.000577,0.998368
939,0,0.010037,0.000575,0.989388
940,0,0.005107,0.001816,0.993076
941,0,0.659656,0.000583,0.339761
942,0,0.001158,0.002436,0.996406
943,1,0.649585,0.004798,0.345616
944,0,0.093246,0.000403,0.906351
945,1,0.990818,0.001974,0.007209
946,1,0.077419,0.653163,0.269418
947,1,0.008979,0.020479,0.970543
948,0,0.014893,0.001281,0.983826
949,0,0.002326,0.000161,0.997512
950,1,0.001176,0.000216,0.998608
951,1,0.204164,0.000492,0.795344
952,0,0.000571,0.000543,0.998886
953,1,0.220854,0.006069,0.773076
954,1,0.040464,0.431277,0.528259
955,0,0.000485,0.000452,0.999064
956,1,0.022712,0.225022,0.752266
957,0,0.050954,0.002771,0.946275
958,0,0.100471,0.000512,0.899017
959,0,0.006987,0.001219,0.991794
960,0,0.047821,0.001107,0.951072
961,0,0.044325,0.000290,0.955385
962,0,0.259136,0.013951,0.726913
963,0,0.374818,0.000561,0.624621
964,1,0.298177,0.000563,0.701260
965,0,0.007769,0.000572,0.991659
966,0,0.114723,0.000496,0.884781
967,0,0.003698,0.000459,0.995842
968,0,0.258100,0.000775,0.741124
969,0,0.004537,0.003698,0.991765
970,0,0.000990,0.001782,0.997228
971,0,0.001194,0.003505,0.995301
972,0,0.005581,0.000198,0.994220
973,1,0.568904,0.001449,0.429647
974,0,0.696949,0.000699,0.302352
975,0,0.004284,0.000541,0.995175
976,0,0.001154,0.001950,0.996896
977,1,0.873086,0.030335,0.096579
978,1,0.133532,0.000837,0.865631
979,1,0.001673,0.000164,0.998163
980,0,0.163883,0.020082,0.816035
981,1,0.717425,0.000579,0.281997
982,0,0.022943,0.000768,0.976288
983,1,0.611540,0.000679,0.387781
984,0,0.056612,0.003052,0.940336
985,1,0.790666,0.001048,0.208286
986,1,0.071437,0.010357,0.918206
987,1,0.003046,0.000660,0.996294
988,1,0.978800,0.000951,0.020249
989,0,0.005770,0.000502,0.993728
990,0,0.124257,0.000712,0.875031
991,0,0.043481,0.002080,0.954439
992,1,0.119692,0.000456,0.879852
993,1,0.321260,0.017155,0.661585
994,1,0.070667,0.889267,0.040066
995,1,0.571572,0.001505,0.426923
996,0,0.475953,0.018221,0.505826
997,0,0.021260,0.000402,0.978339
998,1,0.915013,0.001092,0.083895
999,1,0.269507,0.002989,0.727504
1000,1,0.938140,0.001104,0.060756
1001,1,0.844494,0.141892,0.013614
1002,1,0.025792,0.006655,0.967553
1003,0,0.812531,0.001061,0.186409
1004,1,0.062378,0.002599,0.935023
1005,0,0.139620,0.000746,0.859634
1006,1,0.211782,0.000991,0.787227
1007,1,0.775388,0.122381,0.102231
1008,0,0.025708,0.000266,0.974027
1009,0,0.020516,0.000479,0.979005
1010,1,0.956279,0.001302,0.042419
1011,0,0.076301,0.000258,0.923441
1012,0,0.060152,0.001623,0.938225
1013,0,0.033435,0.001764,0.964801
1014,1,0.765670,0.000457,0.233874
1015,1,0.296651,0.575362,0.127987
1016,1,0.225733,0.086924,0.687343
1017,1,0.891714,0.002524,0.105761
1018,1,0.119507,0.005315,0.875178
1019,0,0.221142,0.029723,0.749135
1020,0,0.098269,0.000532,0.901199
1021,1,0.672881,0.001208,0.325911
1022,0,0.000717,0.003068,0.996214
1023,1,0.018217,0.001454,0.980329
1024,1,0.232912,0.000787,0.766300
1025,1,0.929722,0.004407,0.065871
1026,1,0.902712,0.004360,0.092928
1027,1,0.061483,0.005169,0.933348
1028,1,0.834857,0.000593,0.164550
1029,1,0.989686,0.000627,0.009687
1030,0,0.425802,0.000596,0.573603
1031,1,0.882430,0.002203,0.115367
1032,1,0.012227,0.000257,0.987516
1033,0,0.488804,0.000727,0.510468
1034,1,0.874826,0.117556,0.007618
1035,0,0.003162,0.000279,0.996559
1036,1,0.666394,0.009840,0.323766
1037,0,0.081081,0.000378,0.918541
1038,1,0.415727,0.000793,0.583480
1039,1,0.408791,0.001260,0.589950
1040,1,0.986673,0.012174,0.001152
1041,1,0.343514,0.000809,0.655677
1042,1,0.429619,0.014601,0.555780
1043,0,0.032659,0.000268,0.967073
1044,1,0.929655,0.001826,0.068519
1045,1,0.618110,0.000787,0.381103
1046,1,0.135247,0.823396,0.041357
1047,1,0.024305,0.000482,0.975213
1048,0,0.101251,0.000536,0.898213
1049,0,0.725550,0.001215,0.273235
1050,0,0.031485,0.000215,0.968300
1051,0,0.001063,0.000811,0.998126
1052,0,0.021404,0.000216,0.978380
1053,1,0.000464,0.000621,0.998915
1054,0,0.121578,0.001178,0.877243
1055,0,0.003576,0.000273,0.996151
1056,1,0.397378,0.003033,0.599588
1057,0,0.002694,0.001543,0.995763
1058,0,0.000655,0.000281,0.999064
1059,0,0.001089,0.000232,0.998679
1060,0,0.014403,0.000223,0.985374
1061,0,0.586209,0.002300,0.411491
1062,1,0.623377,0.339390,0.037233
1063,0,0.291585,0.002120,0.706295
1064,0,0.025130,0.001575,0.973296
1065,0,0.003156,0.001239,0.995604
1066,0,0.708861,0.215164,0.075976
1067,0,0.041386,0.000350,0.958264
1068,0,0.279081,0.000830,0.720089
1069,1,0.976136,0.003476,0.020388
1070,1,0.002241,0.000300,0.997459
1071,1,0.150454,0.000460,0.849086
1072,0,0.024763,0.000318,0.974918
1073,0,0.163886,0.000552,0.835562
1074,0,0.014967,0.000427,0.984606
1075,1,0.357635,0.000746,0.641620
1076,1,0.036346,0.884389,0.079265
1077,0,0.122206,0.000787,0.877007
1078,0,0.008719,0.008289,0.982993
1079,0,0.001516,0.000410,0.998074
1080,0,0.003909,0.000589,0.995502
1081,0,0.000946,0.000334,0.998721
1082,0,0.006482,0.000409,0.993109
1083,0,0.985670,0.000813,0.013517
1084,1,0.980676,0.000629,0.018695
1085,0,0.001564,0.004070,0.994367
1086,0,0.000941,0.000280,0.998779
1087,1,0.004490,0.000667,0.994843
1088,1,0.087826,0.003288,0.908887
1089,1,0.539866,0.000961,0.459174
1090,0,0.183955,0.001390,0.814655
1091,0,0.076610,0.000525,0.922866
1092,0,0.001893,0.000399,0.997708
1093,0,0.441519,0.000609,0.557872
1094,0,0.001158,0.002436,0.996406
1095,0,0.218271,0.000651,0.781078
1096,0,0.003409,0.000139,0.996452
1097,1,0.950088,0.017843,0.032070
1098,0,0.007092,0.000904,0.992005
1099,0,0.941669,0.000580,0.057751
1100,1,0.961658,0.000916,0.037426
1101,1,0.012364,0.011299,0.976336
1102,1,0.245406,0.002950,0.751644
1103,1,0.013432,0.003200,0.983368
1104,1,0.916048,0.001047,0.082906
1105,0,0.022754,0.002129,0.975116
1106,1,0.137815,0.001076,0.861109
1107,1,0.097140,0.003968,0.898892
1108,1,0.123764,0.605615,0.270621
1109,1,0.048882,0.002813,0.948305
1110,0,0.000525,0.000494,0.998980
1111,0,0.257783,0.001435,0.740782
1112,1,0.308515,0.000699,0.690786
1113,1,0.506966,0.000833,0.492201
1114,1,0.072950,0.552592,0.374458
1115,0,0.013179,0.153275,0.833546
1116,1,0.001787,0.001381,0.996831
1117,1,0.541442,0.016657,0.441900
1118,0,0.826270,0.001873,0.171857
1119,0,0.394278,0.001501,0.604221
1120,1,0.331452,0.000707,0.667841
1121,0,0.000535,0.000395,0.999070
1122,1,0.165803,0.000615,0.833582
1123,1,0.757351,0.000925,0.241724
1124,1,0.688853,0.026557,0.284591
1125,1,0.695143,0.003363,0.301494
1126,1,0.084404,0.711667,0.203928
1127,1,0.773268,0.000664,0.226068
1128,1,0.701122,0.000772,0.298106
1129,1,0.064367,0.729759,0.205874
1130,1,0.977077,0.000549,0.022374
1131,1,0.474867,0.000885,0.524248
1132,1,0.808467,0.024255,0.167277
1133,0,0.157586,0.000390,0.842024
1134,1,0.037423,0.223010,0.739566
1135,1,0.943581,0.053004,0.003415
1136,1,0.056588,0.000615,0.942798
1137,1,0.084051,0.000921,0.915029
1138,1,0.032585,0.368251,0.599164
1139,1,0.002363,0.000278,0.997359
1140,0,0.000771,0.000181,0.999047
1141,0,0.013465,0.000312,0.986223
1142,0,0.032336,0.000420,0.967244
1143,0,0.017088,0.000432,0.982480
1144,0,0.002580,0.000216,0.997204
1145,0,0.076036,0.000493,0.923472
1146,1,0.701579,0.000427,0.297994
1147,0,0.204044,0.000784,0.795173
1148,0,0.987686,0.000908,0.011407
1149,0,0.518027,0.000784,0.481188
1150,0,0.485083,0.001129,0.513788
1151,0,0.019439,0.000273,0.980288
1152,0,0.021361,0.000364,0.978275
1153,0,0.009657,0.000217,0.990126
1154,0,0.002952,0.000254,0.996794
1155,1,0.092502,0.852720,0.054778
1156,0,0.001691,0.000240,0.998069
1157,0,0.145525,0.000654,0.853821
1158,0,0.000446,0.000426,0.999128
1159,1,0.323280,0.001151,0.675570
1160,1,0.625865,0.000931,0.373204
1161,1,0.004263,0.000233,0.995504
1162,0,0.355015,0.000953,0.644031
1163,1,0.005934,0.000239,0.993828
1164,1,0.242263,0.000991,0.756746
1165,1,0.001244,0.000474,0.998282
1166,1,0.102964,0.010012,0.887024
1167,1,0.034480,0.001017,0.964502
1168,1,0.382649,0.008735,0.608616
1169,1,0.713133,0.000776,0.286091
1170,0,0.160285,0.009077,0.830638
1171,1,0.973958,0.000635,0.025407
1172,1,0.181797,0.000996,0.817207
1173,1,0.379839,0.000867,0.619294
1174,0,0.387815,0.002803,0.609382
1175,0,0.050476,0.019571,0.929953
1176,0,0.462902,0.000666,0.536433
1177,0,0.020998,0.000355,0.978647
1178,0,0.032929,0.027991,0.939079
1179,1,0.990454,0.000630,0.008916
1180,1,0.276021,0.006751,0.717228
1181,1,0.616348,0.001402,0.382250
1182,0,0.000508,0.000345,0.999148
1183,1,0.019919,0.000245,0.979836
1184,1,0.566177,0.001005,0.432817
1185,0,0.331225,0.000936,0.667839
1186,0,0.000862,0.000370,0.998768
1187,0,0.021663,0.002145,0.976193
1188,0,0.120129,0.000578,0.879293
1189,0,0.001578,0.000204,0.998218
1190,1,0.012619,0.000435,0.986946
1191,1,0.388219,0.000725,0.611056
1192,0,0.001327,0.026018,0.972655
1193,0,0.004117,0.001757,0.994126
1194,1,0.855796,0.000605,0.143598
1195,1,0.002563,0.006408,0.991028
1196,1,0.149014,0.000876,0.850110
1197,0,0.000732,0.000218,0.999050
1198,0,0.437180,0.001505,0.561315
1199,1,0.756518,0.000920,0.242562
1200,0,0.030927,0.052470,0.916602
1201,0,0.002398,0.000230,0.997372
1202,1,0.013106,0.000398,0.986495
1203,1,0.000635,0.000272,0.999093
1204,1,0.012379,0.000195,0.987426
1205,0,0.985598,0.001538,0.012863
1206,1,0.000744,0.000203,0.999052
1207,1,0.002459,0.000334,0.997208
1208,1,0.162494,0.003454,0.834051
1209,1,0.911905,0.000476,0.087619
1210,1,0.016132,0.000437,0.983431
1211,1,0.577212,0.020154,0.402634
1212,1,0.011164,0.005314,0.983522
1213,1,0.037012,0.870707,0.092281
1214,1,0.027935,0.000235,0.971830
1215,0,0.785420,0.000552,0.214028
1216,0,0.002128,0.004896,0.992976
1217,1,0.887307,0.000754,0.111940
1218,0,0.021576,0.000420,0.978005
1219,0,0.001374,0.000197,0.998429
1220,0,0.004032,0.001609,0.994360
1221,1,0.952717,0.000766,0.046517
1222,0,0.000586,0.000272,0.999142
1223,0,0.002885,0.000421,0.996694
1224,0,0.784964,0.002847,0.212189
1225,1,0.923912,0.001632,0.074456
1226,0,0.880871,0.000601,0.118528
1227,1,0.042196,0.814693,0.143112
1228,0,0.001451,0.004993,0.993556
1229,1,0.482741,0.004418,0.512841
1230,1,0.333213,0.601465,0.065321
1231,0,0.000798,0.000191,0.999011
1232,0,0.013648,0.438315,0.548037
1233,1,0.791432,0.000983,0.207586
1234,0,0.029394,0.000356,0.970250
1235,0,0.000740,0.000589,0.998670
1236,0,0.066230,0.000717,0.933053
1237,0,0.109868,0.014441,0.875692
1238,0,0.362091,0.046869,0.591039
1239,0,0.000249,0.000789,0.998962
1240,1,0.017973,0.017612,0.964415
1241,0,0.000357,0.000355,0.999288
1242,0,0.065527,0.000900,0.933573
1243,0,0.003979,0.000183,0.995839
1244,0,0.046316,0.000508,0.953176
1245,0,0.661848,0.001278,0.336874
1246,1,0.444010,0.005617,0.550373
1247,0,0.002869,0.000157,0.996974
1248,0,0.010698,0.000241,0.989061
1249,0,0.000436,0.000452,0.999112
1250,0,0.859327,0.001038,0.139635
1251,0,0.000452,0.000253,0.999295
1252,0,0.757951,0.000770,0.241279
1253,0,0.002906,0.008002,0.989093
1254,0,0.036913,0.000986,0.962101
1255,0,0.000533,0.000277,0.999191
1256,0,0.392674,0.003671,0.603656
1257,0,0.181249,0.000522,0.818229
1258,1,0.851273,0.002730,0.145997
1259,0,0.308545,0.542491,0.148964
1260,0,0.004470,0.000305,0.995225
1261,0,0.730242,0.000623,0.269136
1262,0,0.001082,0.000388,0.998530
1263,0,0.003422,0.000455,0.996123
1264,0,0.064655,0.023930,0.911415
1265,0,0.001318,0.000188,0.998494
1266,0,0.981794,0.000558,0.017648
1267,1,0.227364,0.716260,0.056376
1268,0,0.012221,0.000624,0.987155
1269,0,0.035743,0.000253,0.964005
1270,0,0.043241,0.000481,0.956278
1271,1,0.544180,0.001140,0.454680
1272,0,0.000721,0.000446,0.998833
1273,0,0.235722,0.000604,0.763674
1274,0,0.962956,0.000998,0.036045
1275,0,0.001418,0.000284,0.998298
1276,0,0.001935,0.000367,0.997698
1277,0,0.005736,0.000583,0.993681
1278,0,0.067824,0.000677,0.931499
1279,0,0.887635,0.000575,0.111790
1280,0,0.000824,0.000168,0.999008
1281,0,0.015554,0.005184,0.979262
1282,0,0.748330,0.000829,0.250841
1283,0,0.000671,0.000268,0.999060
1284,0,0.000456,0.000272,0.999273
1285,0,0.020846,0.005006,0.974148
1286,0,0.010747,0.000767,0.988486
1287,0,0.000382,0.000597,0.999021
1288,1,0.076451,0.000436,0.923113
1289,1,0.252756,0.038064,0.709181
1290,1,0.165173,0.000684,0.834143
1291,0,0.421435,0.000663,0.577902
1292,0,0.129075,0.000641,0.870284
1293,1,0.009064,0.000180,0.990756
1294,0,0.000742,0.000515,0.998743
1295,0,0.598629,0.012567,0.388804
1296,1,0.302909,0.002843,0.694247
1297,1,0.059890,0.014529,0.925582
1298,1,0.005601,0.000537,0.993862
1299,1,0.616572,0.008760,0.374668
1300,0,0.000623,0.000565,0.998813
1301,0,0.045477,0.000482,0.954041
1302,1,0.028151,0.012309,0.959540
1303,0,0.424583,0.001101,0.574317
1304,0,0.005333,0.009788,0.984879
1305,1,0.605668,0.004963,0.389369
1306,1,0.593144,0.000770,0.406086
1307,1,0.009455,0.000402,0.990144
1308,1,0.072310,0.000730,0.926959
1309,0,0.043527,0.306315,0.650158
1310,1,0.208858,0.000341,0.790801
1311,0,0.003606,0.000415,0.995978
1312,1,0.002356,0.001733,0.995912
1313,1,0.000608,0.000591,0.998801
1314,1,0.031823,0.000423,0.967754
1315,0,0.001235,0.000607,0.998158
1316,1,0.005056,0.000152,0.994792
1317,0,0.003190,0.002364,0.994447
1318,0,0.513004,0.000647,0.486349
1319,1,0.987639,0.000645,0.011716
1320,0,0.016205,0.002740,0.981055
1321,0,0.490123,0.002376,0.507501
1322,1,0.972693,0.000356,0.026951
1323,1,0.940210,0.000750,0.059041
1324,0,0.734517,0.000914,0.264570
1325,0,0.745031,0.001648,0.253321
1326,1,0.137795,0.716772,0.145434
1327,1,0.876504,0.001105,0.122391
1328,1,0.996415,0.001900,0.001685
1329,1,0.001545,0.000373,0.998083
1330,0,0.002732,0.000338,0.996930
1331,0,0.073716,0.000609,0.925674
1332,0,0.049691,0.000848,0.949461
1333,1,0.314594,0.239036,0.446370
1334,1,0.987637,0.000504,0.011859
1335,0,0.001311,0.000675,0.998013
1336,0,0.099033,0.000874,0.900093
1337,1,0.007666,0.000193,0.992141
1338,0,0.003726,0.003729,0.992545
1339,0,0.001252,0.000341,0.998407
1340,0,0.012166,0.000329,0.987506
1341,1,0.505101,0.000475,0.494424
1342,0,0.119840,0.000500,0.879660
1343,1,0.883895,0.000644,0.115461
1344,0,0.000673,0.000253,0.999073
1345,0,0.089858,0.000369,0.909772
1346,0,0.023247,0.010648,0.966105
1347,0,0.001794,0.000258,0.997948
1348,1,0.950281,0.000705,0.049014
1349,0,0.369855,0.000735,0.629409
1350,0,0.000776,0.000276,0.998948
1351,0,0.004244,0.000473,0.995283
1352,1,0.448648,0.001153,0.550199
1353,1,0.000836,0.000485,0.998679
1354,0,0.010837,0.000744,0.988419
1355,1,0.015659,0.000373,0.983968
1356,1,0.092600,0.248992,0.658408
1357,1,0.251966,0.000850,0.747184
1358,0,0.086479,0.000495,0.913026
1359,0,0.014165,0.010329,0.975506
1360,1,0.807875,0.000801,0.191324
1361,1,0.021076,0.000324,0.978600
1362,0,0.090616,0.000645,0.908739
1363,0,0.006144,0.009171,0.984685
1364,0,0.031155,0.018206,0.950639
1365,1,0.975803,0.000660,0.023537
1366,1,0.156741,0.002491,0.840768
1367,0,0.017006,0.000255,0.982740
1368,0,0.059944,0.000397,0.939659
1369,0,0.002738,0.001485,0.995778
1370,0,0.010179,0.000252,0.989569
1371,1,0.065247,0.000589,0.934164
1372,1,0.335773,0.000969,0.663257
1373,1,0.084468,0.001476,0.914056
1374,1,0.941762,0.001269,0.056969
1375,0,0.021142,0.000314,0.978544
1376,0,0.000341,0.000758,0.998901
1377,1,0.019136,0.002191,0.978672
1378,1,0.020528,0.000475,0.978997
1379,1,0.004189,0.000900,0.994910
1380,1,0.935418,0.001943,0.062639
1381,1,0.982341,0.001071,0.016588
1382,1,0.016211,0.000482,0.983307
1383,1,0.000788,0.000206,0.999005
1384,0,0.485149,0.000875,0.513976
1385,0,0.656041,0.001810,0.342149
1386,0,0.000537,0.000280,0.999183
1387,1,0.054242,0.897172,0.048586
1388,0,0.000443,0.000372,0.999186
1389,0,0.011587,0.000217,0.988196
1390,1,0.011905,0.008129,0.979965
1391,1,0.987343,0.009622,0.003036
1392,0,0.816998,0.000566,0.182437
1393,1,0.963757,0.001627,0.034617
1394,1,0.230639,0.001898,0.767463
1395,0,0.024805,0.000426,0.974768
1396,1,0.019321,0.002362,0.978317
1397,0,0.587779,0.000517,0.411704
1398,1,0.184144,0.181170,0.634685
1399,1,0.975695,0.002900,0.021405
1400,1,0.011870,0.000931,0.987199
1401,0,0.097179,0.000451,0.902369
1402,0,0.295087,0.001163,0.703750
1403,0,0.074909,0.000909,0.924182
1404,1,0.596156,0.000712,0.403133
1405,0,0.021654,0.014089,0.964258
1406,1,0.257169,0.001349,0.741482
1407,0,0.011674,0.004974,0.983352
1408,1,0.222071,0.664827,0.113101
1409,1,0.952506,0.000948,0.046546
1410,1,0.982198,0.000967,0.016835
1411,0,0.593017,0.000661,0.406322
1412,0,0.000555,0.001286,0.998159
1413,1,0.523743,0.007802,0.468455
1414,0,0.000843,0.000408,0.998749
1415,1,0.069406,0.025560,0.905035
1416,1,0.943059,0.001728,0.055213
1417,1,0.033659,0.000493,0.965849
1418,1,0.772500,0.000800,0.226700
1419,1,0.015547,0.001420,0.983032
1420,1,0.875392,0.000868,0.123740
1421,1,0.992787,0.001689,0.005525
1422,0,0.857804,0.000488,0.141708
1423,0,0.000910,0.001576,0.997513
1424,1,0.039168,0.002359,0.958474
1425,0,0.070333,0.003167,0.926500
1426,0,0.002669,0.000198,0.997132
1427,1,0.986913,0.000474,0.012613
1428,0,0.025257,0.000250,0.974493
1429,1,0.842460,0.002658,0.154882
1430,1,0.967497,0.000493,0.032009
1431,1,0.668602,0.000766,0.330632
1432,1,0.981050,0.000661,0.018289
1433,0,0.003894,0.000613,0.995492
1434,0,0.432919,0.000729,0.566352
1435,1,0.826057,0.008873,0.165070
1436,1,0.338253,0.000725,0.661022
1437,1,0.941000,0.000336,0.058664
1438,0,0.019106,0.005970,0.974923
1439,0,0.097671,0.000499,0.901830
1440,1,0.654336,0.000773,0.344890
1441,1,0.425687,0.118452,0.455861
1442,0,0.163082,0.000362,0.836557
1443,0,0.002839,0.004000,0.993160
1444,1,0.843128,0.003312,0.153560
1445,1,0.553179,0.000622,0.446199
1446,1,0.049502,0.911325,0.039173
1447,1,0.462420,0.268500,0.269081
1448,1,0.004033,0.000496,0.995471
1449,0,0.000440,0.000385,0.999175
1450,1,0.485155,0.016943,0.497902
1451,0,0.017493,0.000578,0.981929
1452,1,0.227966,0.000584,0.771450
1453,1,0.564684,0.000595,0.434721
1454,1,0.111798,0.007344,0.880858
1455,1,0.692757,0.000420,0.306823
1456,0,0.000588,0.000546,0.998865
1457,0,0.002659,0.000236,0.997105
1458,0,0.884477,0.000431,0.115092
1459,1,0.811295,0.001728,0.186978
1460,1,0.715623,0.000402,0.283974
1461,0,0.001288,0.000532,0.998180
1462,1,0.977683,0.000288,0.022029
1463,0,0.481804,0.000880,0.517316
1464,1,0.868304,0.001108,0.130588
1465,1,0.973108,0.000446,0.026446
1466,1,0.742746,0.000441,0.256813
1467,0,0.318891,0.001734,0.679375
1468,1,0.989242,0.000667,0.010091
1469,1,0.007629,0.000419,0.991952
1470,0,0.549329,0.000395,0.450276
1471,0,0.011312,0.012036,0.976653
1472,1,0.966588,0.000463,0.032949
1473,1,0.808593,0.000427,0.190981
1474,0,0.011442,0.000388,0.988170
1475,0,0.000854,0.000257,0.998889
1476,1,0.720217,0.000478,0.279305
1477,0,0.015335,0.000316,0.984349
1478,0,0.000670,0.000249,0.999081
1479,0,0.010696,0.000373,0.988930
1480,0,0.339701,0.001187,0.659112
1481,0,0.000671,0.001449,0.997880
1482,0,0.000483,0.000730,0.998787
1483,1,0.963889,0.000345,0.035766
1484,0,0.253710,0.000859,0.745431
1485,0,0.008983,0.000207,0.990810
1486,1,0.687169,0.000390,0.312440
1487,0,0.165570,0.370132,0.464298
1488,0,0.707773,0.000806,0.291421
1489,0,0.035110,0.001055,0.963835
1490,1,0.046677,0.023779,0.929544
1491,0,0.294753,0.000685,0.704562
1492,1,0.000901,0.000572,0.998527
1493,0,0.075320,0.000434,0.924246
1494,1,0.295313,0.008535,0.696152
1495,1,0.216150,0.355858,0.427991
1496,0,0.026283,0.000285,0.973431
1497,0,0.504947,0.000703,0.494350
1498,0,0.159245,0.000489,0.840266
1499,1,0.001122,0.000352,0.998526
1500,1,0.652361,0.028508,0.319131
1501,0,0.006545,0.000233,0.993221
1502,0,0.809265,0.000658,0.190077
1503,1,0.107506,0.013164,0.879331
1504,1,0.686930,0.000689,0.312381
1505,0,0.006260,0.000256,0.993483
1506,0,0.988490,0.003060,0.008450
1507,0,0.159515,0.000974,0.839511
1508,0,0.458951,0.106238,0.434811
1509,1,0.048146,0.649156,0.302698
1510,1,0.839569,0.000724,0.159706
1511,0,0.752309,0.000476,0.247215
1512,1,0.006857,0.000618,0.992526
1513,0,0.006890,0.003514,0.989597
1514,0,0.001592,0.000630,0.997777
1515,0,0.019117,0.015748,0.965135
1516,0,0.324523,0.002246,0.673231
1517,0,0.025259,0.000336,0.974405
1518,0,0.119903,0.001708,0.878389
1519,1,0.023219,0.013846,0.962935
1520,1,0.038288,0.001020,0.960693
1521,0,0.336969,0.001920,0.661111
1522,0,0.003367,0.004073,0.992560
1523,0,0.000832,0.000238,0.998930
1524,0,0.004470,0.000519,0.995012
1525,0,0.000580,0.000225,0.999194
1526,0,0.087359,0.002193,0.910448
1527,0,0.001451,0.001953,0.996595
1528,0,0.000742,0.000351,0.998907
1529,0,0.001902,0.000247,0.997852
1530,0,0.000813,0.000497,0.998690
1531,0,0.002110,0.000314,0.997576
1532,0,0.225121,0.001158,0.773721
1533,1,0.000424,0.000722,0.998854
1534,0,0.000584,0.000215,0.999201
1535,1,0.932954,0.000407,0.066639
1536,1,0.418891,0.472842,0.108267
1537,1,0.233626,0.002564,0.763810
1538,1,0.984979,0.000272,0.014749
1539,1,0.859866,0.000403,0.139731
1540,1,0.026541,0.000225,0.973234
1541,0,0.781480,0.000651,0.217869
1542,0,0.073001,0.000247,0.926752
1543,0,0.410402,0.000837,0.588762
1544,0,0.173674,0.190075,0.636252
1545,0,0.771942,0.000383,0.227675
1546,0,0.001922,0.000615,0.997463
1547,0,0.004749,0.001250,0.994001
1548,1,0.020097,0.014681,0.965223
1549,1,0.995658,0.001005,0.003337
1550,0,0.925455,0.000583,0.073962
1551,0,0.003211,0.000668,0.996121
1552,0,0.010293,0.108324,0.881383
1553,1,0.980052,0.005736,0.014212
1554,1,0.007836,0.000374,0.991790
1555,0,0.001949,0.000596,0.997455
1556,0,0.151581,0.000519,0.847900
1557,1,0.009626,0.000770,0.989604
1558,0,0.001044,0.000181,0.998775
1559,0,0.129488,0.001224,0.869289
1560,0,0.718536,0.001020,0.280444
1561,0,0.016710,0.000387,0.982903
1562,0,0.014678,0.000553,0.984768
1563,1,0.969970,0.003510,0.026520
1564,0,0.138589,0.001056,0.860355
1565,0,0.023041,0.000829,0.976130
1566,1,0.836310,0.001446,0.162244
1567,1,0.335063,0.010538,0.654399
1568,0,0.003612,0.000204,0.996184
1569,1,0.956808,0.002477,0.040715
1570,1,0.973943,0.002576,0.023481
1571,1,0.953729,0.000438,0.045833
1572,0,0.013444,0.005246,0.981310
1573,0,0.000698,0.000396,0.998906
1574,1,0.000478,0.000295,0.999226
1575,0,0.002000,0.004520,0.993480
1576,0,0.045058,0.001354,0.953589
1577,1,0.030660,0.000759,0.968580
1578,0,0.017138,0.004486,0.978376
1579,0,0.001615,0.001312,0.997073
1580,0,0.435677,0.000538,0.563785
1581,0,0.623365,0.000714,0.375922
1582,1,0.004924,0.000886,0.994191
1583,1,0.581120,0.015999,0.402881
1584,0,0.003605,0.001913,0.994483
1585,0,0.007788,0.000944,0.991267
1586,0,0.092279,0.003656,0.904064
1587,0,0.503435,0.001170,0.495395
1588,0,0.472838,0.006370,0.520792
1589,1,0.992142,0.001497,0.006361
1590,0,0.043836,0.000371,0.955792
1591,1,0.887358,0.007487,0.105155
1592,0,0.347631,0.002368,0.650002
1593,1,0.587688,0.001093,0.411220
1594,0,0.006829,0.000309,0.992863
1595,1,0.064367,0.729759,0.205874
1596,1,0.943563,0.000986,0.055451
1597,0,0.534487,0.000754,0.464759
1598,0,0.001084,0.000173,0.998743
1599,0,0.016112,0.001285,0.982603
1600,1,0.721366,0.000700,0.277934
1601,0,0.000529,0.000584,0.998887
1602,1,0.232419,0.001862,0.765718
1603,1,0.447018,0.000540,0.552442
1604,1,0.976639,0.000352,0.023010
1605,1,0.041248,0.000415,0.958337
1606,1,0.108372,0.001537,0.890091
1607,1,0.589711,0.001384,0.408905
1608,0,0.004559,0.000560,0.994880
1609,1,0.587580,0.003327,0.409093
1610,0,0.214140,0.000469,0.785391
1611,1,0.714020,0.000757,0.285223
1612,1,0.013251,0.000339,0.986411
1613,1,0.991829,0.004544,0.003627
1614,0,0.922882,0.000405,0.076713
1615,1,0.298267,0.000435,0.701299
1616,0,0.001593,0.000205,0.998202
1617,0,0.001002,0.000272,0.998726
1618,1,0.185246,0.000724,0.814030
1619,1,0.073093,0.000347,0.926560
1620,1,0.986630,0.000445,0.012925
1621,1,0.010867,0.001005,0.988128
1622,1,0.034668,0.000282,0.965050
1623,1,0.066069,0.000450,0.933481
1624,1,0.549900,0.000585,0.449515
1625,0,0.403429,0.000771,0.595800
1626,1,0.088353,0.001536,0.910111
1627,1,0.988951,0.000434,0.010616
1628,1,0.990649,0.000692,0.008659
1629,1,0.007883,0.000143,0.991974
1630,1,0.001629,0.000161,0.998209
1631,1,0.057416,0.000405,0.942179
1632,1,0.024573,0.241989,0.733439
1633,0,0.020530,0.004398,0.975072
1634,0,0.003564,0.000970,0.995466
1635,1,0.568023,0.001340,0.430637
1636,1,0.085913,0.440709,0.473377
1637,0,0.000758,0.000355,0.998887
1638,1,0.506498,0.001347,0.492155
1639,0,0.000320,0.000576,0.999104
1640,0,0.127501,0.000638,0.871861
1641,0,0.008486,0.000362,0.991153
1642,0,0.026461,0.000428,0.973111
1643,0,0.220304,0.008353,0.771343
1644,1,0.005965,0.000226,0.993809
1645,1,0.602283,0.001038,0.396679
1646,1,0.000801,0.000221,0.998978
1647,1,0.386611,0.001176,0.612213
1648,0,0.055231,0.000599,0.944170
1649,1,0.760675,0.001168,0.238157
1650,1,0.992479,0.002966,0.004555
1651,1,0.599218,0.000916,0.399865
1652,1,0.513664,0.000755,0.485581
1653,0,0.072503,0.000551,0.926946
1654,1,0.015494,0.032950,0.951556
1655,1,0.654895,0.001061,0.344044
1656,1,0.056717,0.000608,0.942676
1657,0,0.096178,0.084547,0.819275
1658,1,0.978200,0.000318,0.021481
1659,1,0.632934,0.000674,0.366393
1660,0,0.550168,0.000756,0.449077
1661,0,0.007064,0.000180,0.992755
1662,0,0.056392,0.000807,0.942801
1663,0,0.003369,0.000229,0.996402
1664,0,0.491155,0.001957,0.506888
1665,1,0.405997,0.000432,0.593571
1666,1,0.919070,0.000663,0.080267
1667,1,0.061839,0.003184,0.934977
1668,1,0.264616,0.000801,0.734583
1669,1,0.000685,0.000213,0.999103
1670,0,0.066676,0.009235,0.924088
1671,0,0.001109,0.000186,0.998706
1672,1,0.003682,0.000795,0.995523
1673,0,0.987631,0.001193,0.011175
1674,0,0.023384,0.001960,0.974656
1675,0,0.001355,0.000406,0.998239
1676,0,0.021378,0.002217,0.976405
1677,0,0.011756,0.000300,0.987943
1678,0,0.028208,0.004723,0.967069
1679,1,0.297593,0.000790,0.701617
1680,1,0.963999,0.000343,0.035657
1681,1,0.700597,0.000616,0.298787
1682,1,0.928524,0.000416,0.071060
1683,0,0.956882,0.000410,0.042709
1684,0,0.000590,0.000718,0.998691
1685,0,0.426568,0.000773,0.572659
1686,0,0.036301,0.000877,0.962822
1687,1,0.849385,0.020895,0.129720
1688,1,0.764519,0.000415,0.235066
1689,1,0.919642,0.000493,0.079865
1690,1,0.358959,0.001201,0.639840
1691,0,0.139245,0.000969,0.859786
1692,1,0.351473,0.000786,0.647741
1693,0,0.014315,0.000326,0.985359
1694,0,0.024707,0.000608,0.974685
1695,1,0.004828,0.003172,0.991999
1696,0,0.165301,0.001128,0.833571
1697,0,0.003565,0.003407,0.993027
1698,1,0.079131,0.408649,0.512220
1699,1,0.013089,0.000237,0.986675
1700,1,0.256090,0.000928,0.742981
1701,1,0.895772,0.020937,0.083291
1702,0,0.001477,0.006900,0.991623
1703,1,0.738133,0.002336,0.259531
1704,0,0.032373,0.000307,0.967319
1705,1,0.098143,0.696814,0.205043
1706,1,0.985546,0.003223,0.011231
1707,1,0.000347,0.000478,0.999175
1708,0,0.000499,0.000217,0.999284
1709,0,0.484256,0.001227,0.514517
1710,0,0.670294,0.000657,0.329049
1711,1,0.615309,0.000912,0.383779
1712,0,0.814491,0.000874,0.184635
1713,1,0.805272,0.001069,0.193658
1714,0,0.073982,0.000910,0.925109
1715,1,0.034144,0.000366,0.965490
1716,1,0.001137,0.000328,0.998535
1717,0,0.014136,0.000303,0.985562
1718,0,0.022653,0.000419,0.976928
1719,1,0.041206,0.834462,0.124332
1720,0,0.016710,0.001077,0.982213
1721,1,0.637303,0.179548,0.183149
1722,1,0.283484,0.000455,0.716061
1723,0,0.001085,0.000412,0.998503
1724,1,0.924608,0.001209,0.074183
1725,1,0.915577,0.000409,0.084014
1726,0,0.000854,0.001148,0.997998
1727,1,0.980965,0.000278,0.018757
1728,0,0.879960,0.021921,0.098119
1729,1,0.196205,0.001485,0.802311
1730,0,0.001321,0.000629,0.998050
1731,1,0.971849,0.018389,0.009762
1732,0,0.003039,0.000228,0.996733
1733,0,0.635633,0.001272,0.363095
1734,1,0.905763,0.003396,0.090841
1735,0,0.591492,0.001105,0.407403
1736,0,0.097004,0.001168,0.901828
1737,0,0.001334,0.000325,0.998341
1738,0,0.058397,0.000315,0.941287
1739,1,0.001707,0.000510,0.997783
1740,1,0.946600,0.043517,0.009882
1741,0,0.011591,0.000563,0.987846
1742,1,0.160641,0.015560,0.823799
1743,0,0.918651,0.003093,0.078256
1744,0,0.005916,0.000248,0.993836
1745,0,0.645065,0.000653,0.354282
1746,1,0.565105,0.007247,0.427648
1747,1,0.926479,0.018359,0.055163
1748,1,0.970126,0.000979,0.028896
1749,0,0.079943,0.000320,0.919737
1750,1,0.340578,0.235560,0.423861
1751,1,0.181151,0.001219,0.817630
1752,0,0.001761,0.000197,0.998042
1753,0,0.018181,0.112359,0.869460
1754,0,0.015444,0.000536,0.984019
1755,1,0.983167,0.000369,0.016464
1756,1,0.128167,0.002184,0.869649
1757,0,0.633293,0.001790,0.364917
1758,1,0.911689,0.001457,0.086853
1759,1,0.011416,0.000932,0.987653
1760,1,0.969683,0.003617,0.026700
1761,0,0.012156,0.000551,0.987293
1762,0,0.251320,0.001253,0.747428
1763,0,0.016311,0.000461,0.983228
1764,1,0.023035,0.001930,0.975035
1765,1,0.984898,0.006308,0.008794
1766,1,0.000529,0.000244,0.999227
1767,0,0.001361,0.000231,0.998408
1768,0,0.016665,0.000463,0.982872
1769,0,0.046071,0.005143,0.948786
1770,1,0.001878,0.000180,0.997942
1771,1,0.036593,0.000521,0.962886
1772,0,0.003520,0.000265,0.996215
1773,1,0.024334,0.000481,0.975185
1774,1,0.048078,0.010759,0.941163
1775,0,0.334142,0.007055,0.658802
1776,0,0.050519,0.001210,0.948272
1777,0,0.002015,0.000263,0.997722
1778,1,0.463129,0.141279,0.395593
1779,0,0.239261,0.000302,0.760437
1780,1,0.059508,0.000276,0.940216
1781,1,0.990374,0.001187,0.008439
1782,1,0.032297,0.000444,0.967260
1783,0,0.000572,0.000509,0.998919
1784,1,0.191186,0.000640,0.808173
1785,1,0.908818,0.045979,0.045203
1786,1,0.047683,0.000435,0.951883
1787,1,0.006960,0.005149,0.987891
1788,1,0.604685,0.002230,0.393085
1789,1,0.873100,0.003328,0.123572
1790,0,0.005767,0.000288,0.993945
1791,0,0.001935,0.000789,0.997276
1792,1,0.050077,0.889184,0.060739
1793,1,0.093864,0.000410,0.905726
1794,1,0.558287,0.000966,0.440747
1795,1,0.945042,0.007518,0.047440
1796,0,0.001930,0.000534,0.997536
1797,1,0.043727,0.335567,0.620705
1798,1,0.211524,0.414355,0.374122
1799,0,0.024005,0.002022,0.973973
1800,1,0.265972,0.002019,0.732009
1801,1,0.265854,0.009667,0.724479
1802,0,0.001414,0.000186,0.998400
1803,1,0.449161,0.181577,0.369262
1804,1,0.196896,0.001079,0.802025
1805,0,0.026633,0.170850,0.802517
1806,0,0.016897,0.000375,0.982728
1807,1,0.943374,0.000381,0.056246
1808,0,0.004259,0.000316,0.995425
1809,0,0.092746,0.000623,0.906631
1810,1,0.938081,0.004385,0.057534
1811,1,0.995105,0.000872,0.004022
1812,0,0.031042,0.003619,0.965340
1813,1,0.462489,0.005876,0.531635
1814,0,0.996593,0.000825,0.002582
1815,0,0.000364,0.001428,0.998208
1816,0,0.001277,0.000161,0.998561
1817,1,0.000770,0.000668,0.998563
1818,1,0.475730,0.000496,0.523775
1819,0,0.027688,0.000915,0.971397
1820,0,0.543185,0.000891,0.455925
1821,1,0.966148,0.000882,0.032970
1822,0,0.050705,0.000784,0.948511
1823,0,0.008164,0.046363,0.945474
1824,0,0.069727,0.000514,0.929759
1825,0,0.001611,0.000156,0.998233
1826,0,0.001534,0.002150,0.996316
1827,0,0.001023,0.000846,0.998131
1828,0,0.021854,0.010690,0.967455
1829,0,0.019905,0.001104,0.978991
1830,1,0.022296,0.000550,0.977154
1831,0,0.001931,0.000163,0.997907
1832,0,0.040776,0.000413,0.958811
1833,0,0.000304,0.001346,0.998351
1834,1,0.277193,0.001032,0.721775
1835,0,0.093700,0.000328,0.905973
1836,0,0.063456,0.000607,0.935938
1837,0,0.005758,0.000203,0.994039
1838,1,0.823547,0.000780,0.175673
1839,1,0.931958,0.060323,0.007719
1840,1,0.980503,0.000593,0.018904
1841,0,0.015733,0.000191,0.984076
1842,0,0.009112,0.000279,0.990609
1843,1,0.941706,0.000857,0.057437
1844,1,0.989918,0.001931,0.008151
1845,0,0.478437,0.005645,0.515918
1846,0,0.000480,0.000299,0.999222
1847,0,0.000811,0.000557,0.998631
1848,0,0.016060,0.000379,0.983561
1849,0,0.009745,0.000773,0.989482
1850,1,0.152291,0.001139,0.846569
1851,1,0.193186,0.000899,0.805916
1852,0,0.012732,0.000702,0.986566
1853,0,0.001591,0.000182,0.998227
1854,1,0.891023,0.000611,0.108366
1855,1,0.004752,0.007741,0.987507
1856,0,0.002389,0.002654,0.994958
1857,0,0.590248,0.003939,0.405812
1858,0,0.025541,0.000383,0.974076
1859,0,0.052636,0.101305,0.846058
1860,0,0.005324,0.000606,0.994069
1861,1,0.160113,0.001975,0.837912
1862,0,0.109118,0.046114,0.844768
1863,1,0.000316,0.000652,0.999032
1864,0,0.004695,0.000186,0.995119
1865,1,0.947252,0.001464,0.051285
1866,0,0.002935,0.000129,0.996936
1867,1,0.002322,0.000262,0.997416
1868,1,0.037113,0.021602,0.941285
1869,1,0.806193,0.000872,0.192936
1870,1,0.883433,0.096971,0.019595
1871,1,0.153201,0.000373,0.846425
1872,0,0.001272,0.000882,0.997846
1873,1,0.076169,0.001529,0.922303
1874,0,0.019284,0.000379,0.980337
1875,1,0.672241,0.000596,0.327163
1876,1,0.775319,0.002410,0.222272
1877,1,0.915984,0.002666,0.081350
1878,1,0.446782,0.000637,0.552581
1879,0,0.164654,0.001305,0.834041
1880,0,0.176247,0.003828,0.819925
1881,1,0.992213,0.001768,0.006018
1882,0,0.004205,0.000208,0.995587
1883,0,0.012126,0.000516,0.987358
1884,0,0.179069,0.041588,0.779343
1885,1,0.604556,0.002505,0.392939
1886,1,0.866614,0.001621,0.131765
1887,1,0.695106,0.001181,0.303713
1888,1,0.718093,0.029936,0.251971
1889,0,0.922356,0.005325,0.072319
1890,1,0.990750,0.000978,0.008273
1891,1,0.549359,0.009136,0.441505
1892,1,0.658793,0.000830,0.340378
1893,1,0.875860,0.000514,0.123626
1894,1,0.967319,0.000812,0.031869
1895,0,0.059379,0.012695,0.927926
1896,0,0.185356,0.001120,0.813524
1897,1,0.969497,0.000501,0.030002
1898,1,0.975312,0.000510,0.024179
1899,1,0.042274,0.000626,0.957100
1900,1,0.141547,0.000820,0.857633
1901,1,0.071834,0.627042,0.301124
1902,1,0.019752,0.077669,0.902579
1903,1,0.576258,0.000716,0.423025
1904,1,0.013083,0.002790,0.984126
1905,1,0.007363,0.000549,0.992088
1906,1,0.974640,0.010570,0.014790
1907,0,0.829917,0.000919,0.169164
1908,0,0.011370,0.001180,0.987450
1909,0,0.003094,0.000784,0.996122
1910,0,0.003518,0.000281,0.996201
1911,0,0.699025,0.001289,0.299686
1912,0,0.254046,0.000426,0.745528
1913,0,0.080057,0.004259,0.915684
1914,0,0.001054,0.000910,0.998036
1915,1,0.004128,0.000214,0.995659
1916,1,0.085255,0.000526,0.914219
1917,0,0.475687,0.000504,0.523809
1918,1,0.456103,0.000579,0.543318
1919,0,0.031590,0.000633,0.967777
1920,0,0.004328,0.000723,0.994949
1921,0,0.183727,0.000810,0.815463
1922,0,0.000849,0.000308,0.998842
1923,0,0.010527,0.000396,0.989077
1924,0,0.977091,0.004167,0.018741
1925,0,0.003942,0.002874,0.993183
1926,0,0.005944,0.000199,0.993857
1927,0,0.018797,0.000234,0.980969
1928,1,0.753261,0.000636,0.246103
1929,1,0.719416,0.000837,0.279747
1930,1,0.002217,0.001159,0.996624
1931,1,0.274884,0.001097,0.724020
1932,1,0.633437,0.001324,0.365239
1933,0,0.278015,0.001449,0.720536
1934,0,0.000972,0.003163,0.995865
1935,0,0.005152,0.000254,0.994594
1936,0,0.015789,0.365281,0.618930
1937,0,0.689629,0.002988,0.307383
1938,1,0.188378,0.006385,0.805237
1939,1,0.195862,0.001844,0.802294
1940,0,0.004312,0.002338,0.993350
1941,0,0.002274,0.000269,0.997457
1942,0,0.001909,0.000554,0.997537
1943,1,0.006730,0.000236,0.993034
1944,1,0.956424,0.000676,0.042900
1945,0,0.013165,0.000586,0.986248
1946,1,0.086243,0.471524,0.442234
1947,1,0.373562,0.000837,0.625601
1948,1,0.228197,0.001945,0.769858
1949,1,0.001298,0.000227,0.998475
1950,0,0.008412,0.000273,0.991315
1951,0,0.313118,0.001191,0.685691
1952,1,0.085412,0.844909,0.069679
1953,0,0.007326,0.008000,0.984675
1954,0,0.074116,0.000457,0.925426
1955,1,0.966783,0.006148,0.027069
1956,1,0.879232,0.001500,0.119268
1957,0,0.001338,0.000241,0.998421
1958,1,0.091092,0.013224,0.895684
1959,0,0.000524,0.000452,0.999024
1960,0,0.004037,0.000171,0.995792
1961,1,0.942350,0.054861,0.002790
1962,1,0.957486,0.000454,0.042059
1963,1,0.971664,0.000354,0.027981
1964,0,0.002886,0.000167,0.996947
1965,0,0.287536,0.000978,0.711486
1966,0,0.078331,0.000532,0.921137
1967,0,0.165691,0.000502,0.833807
1968,1,0.294971,0.000495,0.704534
1969,0,0.311281,0.000492,0.688227
1970,1,0.006083,0.106279,0.887638
1971,1,0.915709,0.000460,0.083831
1972,0,0.294390,0.001225,0.704385
1973,1,0.897581,0.000664,0.101755
1974,0,0.014157,0.000526,0.985317
1975,0,0.806894,0.011185,0.181921
1976,0,0.001865,0.000682,0.997453
1977,0,0.004236,0.003753,0.992011
1978,1,0.582838,0.374757,0.042404
1979,0,0.016898,0.000770,0.982332
1980,0,0.408253,0.000512,0.591236
1981,1,0.312885,0.000998,0.686117
1982,0,0.296936,0.001058,0.702006
1983,1,0.896374,0.000539,0.103086
1984,0,0.001181,0.000507,0.998312
1985,0,0.108717,0.000590,0.890693
1986,0,0.001334,0.000433,0.998233
1987,0,0.006815,0.000231,0.992954
1988,0,0.248510,0.000930,0.750559
1989,0,0.038240,0.000408,0.961352
1990,1,0.060583,0.000246,0.939171
1991,1,0.474452,0.001097,0.524451
1992,1,0.966975,0.000825,0.032201
1993,0,0.828757,0.000594,0.170649
1994,0,0.000892,0.000148,0.998959
1995,0,0.010347,0.000285,0.989368
1996,0,0.060149,0.000385,0.939466
1997,0,0.025534,0.000272,0.974194
1998,0,0.000324,0.000946,0.998730
1999,0,0.013232,0.000679,0.986089
2000,0,0.000787,0.000287,0.998926
2001,0,0.003664,0.000538,0.995798
2002,0,0.022863,0.000786,0.976351
2003,1,0.051862,0.000358,0.947780
2004,0,0.000972,0.000604,0.998424
2005,0,0.022677,0.005793,0.971530
2006,1,0.803205,0.005791,0.191004
2007,0,0.350614,0.010313,0.639073
2008,0,0.070069,0.001494,0.928436
2009,1,0.001712,0.000284,0.998004
2010,1,0.003648,0.000520,0.995831
2011,1,0.937657,0.001512,0.060831
2012,1,0.005992,0.000162,0.993845
2013,1,0.514061,0.000556,0.485382
2014,0,0.017846,0.000489,0.981666
2015,1,0.821285,0.000612,0.178103
2016,0,0.002801,0.000209,0.996990
2017,0,0.039235,0.049721,0.911044
2018,1,0.002892,0.000416,0.996693
2019,1,0.333725,0.000790,0.665485
2020,0,0.658394,0.000853,0.340753
2021,1,0.715379,0.066737,0.217884
2022,0,0.015678,0.138575,0.845746
2023,0,0.965423,0.001242,0.033335
2024,1,0.840434,0.009109,0.150457
2025,0,0.045785,0.000634,0.953581
2026,0,0.381808,0.000552,0.617640
2027,0,0.751502,0.000757,0.247740
2028,1,0.103094,0.068378,0.828528
2029,1,0.763230,0.000773,0.235997
2030,0,0.587279,0.001096,0.411625
2031,1,0.359519,0.000578,0.639904
2032,1,0.081576,0.000811,0.917613
2033,1,0.479542,0.002830,0.517628
2034,0,0.098505,0.000604,0.900891
2035,0,0.001637,0.000291,0.998072
2036,0,0.010814,0.000230,0.988956
2037,0,0.204017,0.000707,0.795276
2038,1,0.947545,0.000596,0.051859
2039,1,0.002431,0.008971,0.988597
2040,1,0.423322,0.002026,0.574652
2041,0,0.000590,0.000230,0.999180
2042,0,0.009252,0.002842,0.987905
2043,0,0.255410,0.000974,0.743616
2044,0,0.001659,0.001243,0.997097
2045,0,0.111050,0.000569,0.888381
2046,1,0.136577,0.000883,0.862540
2047,1,0.037455,0.000901,0.961643
2048,0,0.002049,0.000275,0.997676
2049,0,0.019065,0.011495,0.969440
2050,0,0.000666,0.000797,0.998536
2051,1,0.050993,0.054619,0.894388
2052,0,0.820091,0.006122,0.173787
2053,0,0.000752,0.000461,0.998787
2054,0,0.001728,0.000256,0.998017
2055,0,0.002364,0.000137,0.997499
2056,1,0.015374,0.000816,0.983810
2057,0,0.023550,0.000506,0.975944
2058,0,0.013883,0.000285,0.985832
2059,0,0.019491,0.000562,0.979948
2060,0,0.000396,0.000811,0.998793
2061,0,0.001188,0.001468,0.997344
2062,1,0.938554,0.001087,0.060359
2063,0,0.015956,0.000388,0.983655
2064,1,0.009077,0.000305,0.990618
2065,1,0.820712,0.000716,0.178572
2066,0,0.581414,0.000857,0.417728
2067,1,0.018053,0.000442,0.981504
2068,1,0.006323,0.000228,0.993450
2069,1,0.974052,0.002851,0.023098
2070,0,0.027020,0.049246,0.923735
2071,0,0.270766,0.012983,0.716250
2072,0,0.047221,0.000423,0.952356
2073,0,0.000551,0.000317,0.999132
2074,1,0.148824,0.000481,0.850694
2075,1,0.000391,0.000576,0.999033
2076,0,0.188772,0.001123,0.810105
2077,0,0.032019,0.010604,0.957376
2078,0,0.014331,0.000230,0.985439
2079,0,0.258465,0.000662,0.740872
2080,1,0.410570,0.001035,0.588395
2081,1,0.721439,0.002429,0.276132
2082,1,0.576879,0.002989,0.420133
2083,0,0.001592,0.000630,0.997777
2084,0,0.103392,0.000383,0.896225
2085,1,0.208495,0.000734,0.790771
2086,0,0.031187,0.001243,0.967570
2087,0,0.000897,0.000471,0.998632
2088,1,0.563864,0.002032,0.434104
2089,0,0.007755,0.000335,0.991910
2090,0,0.003015,0.000503,0.996481
2091,1,0.766056,0.000690,0.233254
2092,1,0.390573,0.001709,0.607719
2093,1,0.125444,0.047755,0.826801
2094,0,0.435658,0.000843,0.563499
2095,0,0.000826,0.000274,0.998900
2096,1,0.817259,0.000422,0.182319
2097,1,0.018568,0.001592,0.979840
2098,0,0.000447,0.000372,0.999181
2099,1,0.039279,0.054173,0.906548
2100,0,0.015408,0.003705,0.980886
2101,1,0.000411,0.000470,0.999120
2102,1,0.065784,0.002251,0.931964
2103,0,0.009305,0.000693,0.990003
2104,0,0.462807,0.000637,0.536556
2105,1,0.053039,0.000426,0.946535
2106,0,0.742037,0.018944,0.239019
2107,0,0.001412,0.000198,0.998390
2108,1,0.807811,0.001944,0.190245
2109,0,0.002110,0.001143,0.996748
2110,0,0.764046,0.000702,0.235252
2111,0,0.192968,0.000583,0.806449
2112,0,0.000693,0.000251,0.999056
2113,0,0.039772,0.025486,0.934741
2114,0,0.313367,0.000621,0.686012
2115,0,0.003896,0.000173,0.995931
2116,0,0.137943,0.007494,0.854563
2117,0,0.014366,0.000219,0.985415
2118,1,0.937943,0.000758,0.061299
2119,1,0.729895,0.001784,0.268322
2120,1,0.365833,0.001029,0.633139
2121,1,0.953236,0.034417,0.012347
2122,0,0.009493,0.003720,0.986788
2123,0,0.000369,0.000980,0.998651
2124,0,0.001340,0.000621,0.998039
2125,0,0.938160,0.000385,0.061455
2126,0,0.003297,0.001531,0.995172
2127,1,0.852683,0.000452,0.146865
2128,0,0.001205,0.000516,0.998280
2129,0,0.012863,0.000524,0.986613
2130,0,0.000801,0.000365,0.998834
2131,0,0.024265,0.233019,0.742716
2132,1,0.983571,0.001568,0.014861
2133,0,0.000574,0.000225,0.999201
2134,1,0.310392,0.001313,0.688295
2135,1,0.133436,0.004810,0.861754
2136,0,0.000929,0.007381,0.991690
2137,1,0.103124,0.004124,0.892752
2138,0,0.006964,0.000182,0.992855
2139,0,0.049401,0.276123,0.674476
2140,0,0.000589,0.000361,0.999050
2141,0,0.051113,0.001648,0.947239
2142,1,0.186308,0.000889,0.812803
2143,1,0.827262,0.000824,0.171914
2144,1,0.039415,0.001250,0.959335
2145,0,0.043761,0.004983,0.951256
2146,1,0.133596,0.833698,0.032706
2147,0,0.000482,0.001473,0.998045
2148,0,0.001127,0.000239,0.998634
2149,0,0.001313,0.000257,0.998430
2150,0,0.013200,0.000680,0.986120
2151,0,0.054682,0.000518,0.944800
2152,1,0.777154,0.001804,0.221042
2153,0,0.010536,0.000419,0.989045
2154,0,0.012212,0.001140,0.986648
2155,1,0.895259,0.000540,0.104202
2156,1,0.721003,0.081314,0.197683
2157,1,0.613979,0.000571,0.385450
2158,1,0.023510,0.001791,0.974699
2159,0,0.046594,0.000479,0.952927
2160,0,0.003184,0.000175,0.996641
2161,0,0.194418,0.000678,0.804904
2162,0,0.004529,0.000433,0.995038
2163,1,0.561038,0.001246,0.437716
2164,1,0.359885,0.000867,0.639249
2165,1,0.006844,0.001744,0.991413
2166,1,0.292194,0.001041,0.706766
2167,0,0.012338,0.000302,0.987361
2168,0,0.001451,0.000190,0.998360
2169,0,0.008164,0.000708,0.991128
2170,1,0.950569,0.000620,0.048810
2171,0,0.003734,0.000302,0.995964
2172,0,0.001557,0.000237,0.998205
2173,0,0.970402,0.000270,0.029329
2174,0,0.000439,0.000543,0.999019
2175,0,0.000590,0.000413,0.998996
2176,0,0.155922,0.014357,0.829720
2177,1,0.141644,0.019754,0.838602
2178,1,0.988641,0.000668,0.010691
2179,1,0.985284,0.000531,0.014185
2180,0,0.000658,0.000296,0.999046
2181,0,0.003425,0.005158,0.991417
2182,0,0.384424,0.000547,0.615029
2183,0,0.026341,0.450592,0.523067
2184,0,0.011543,0.000285,0.988172
2185,0,0.326656,0.000821,0.672523
2186,0,0.003389,0.001809,0.994802
2187,1,0.988345,0.004562,0.007092
2188,1,0.359096,0.004939,0.635964
2189,1,0.170443,0.001175,0.828382
2190,1,0.651287,0.330529,0.018184
2191,1,0.072787,0.000433,0.926780
2192,0,0.036893,0.001250,0.961857
2193,1,0.984292,0.000339,0.015369
2194,1,0.792001,0.006330,0.201670
2195,1,0.916242,0.001990,0.081768
2196,1,0.079867,0.890096,0.030037
2197,0,0.005420,0.003534,0.991046
2198,1,0.232809,0.001369,0.765822
2199,0,0.031134,0.000571,0.968295
2200,1,0.536128,0.001005,0.462867
2201,1,0.914431,0.000798,0.084772
2202,0,0.001594,0.000262,0.998144
2203,1,0.176803,0.000623,0.822574
2204,0,0.003741,0.002039,0.994219
2205,1,0.760363,0.004459,0.235178
2206,1,0.921618,0.001111,0.077271
2207,0,0.020407,0.297544,0.682049
2208,1,0.002996,0.000223,0.996781
2209,0,0.000891,0.000155,0.998954
2210,0,0.006175,0.000447,0.993379
2211,0,0.000769,0.000167,0.999065
2212,1,0.832087,0.001539,0.166374
2213,0,0.003894,0.000160,0.995946
2214,1,0.026089,0.030090,0.943822
2215,1,0.025386,0.011141,0.963472
2216,1,0.861560,0.001478,0.136962
2217,0,0.073406,0.000486,0.926109
2218,1,0.065650,0.586791,0.347559
2219,1,0.078987,0.000304,0.920709
2220,1,0.905564,0.000542,0.093894
2221,1,0.005412,0.001493,0.993095
2222,1,0.207687,0.000474,0.791839
2223,1,0.075694,0.002018,0.922289
2224,1,0.065759,0.000295,0.933946
2225,1,0.061621,0.000227,0.938152
2226,0,0.002979,0.001186,0.995834
2227,0,0.485732,0.000892,0.513376
2228,0,0.119112,0.000296,0.880592
2229,1,0.000355,0.000715,0.998930
2230,1,0.606385,0.004218,0.389397
2231,1,0.013677,0.001122,0.985201
2232,0,0.314128,0.000721,0.685151
2233,1,0.064572,0.001047,0.934381
2234,0,0.004006,0.000185,0.995809
2235,1,0.681652,0.000538,0.317809
2236,1,0.001855,0.000165,0.997980
2237,1,0.276076,0.000415,0.723509
2238,1,0.022185,0.000230,0.977585
2239,0,0.650491,0.000668,0.348840
2240,0,0.000880,0.000198,0.998922
2241,1,0.690725,0.000598,0.308677
2242,0,0.002586,0.000235,0.997178
2243,1,0.507908,0.000592,0.491500
2244,1,0.993253,0.000758,0.005989
2245,0,0.118362,0.000364,0.881274
2246,0,0.003680,0.000183,0.996136
2247,1,0.904475,0.000359,0.095166
2248,1,0.843670,0.000566,0.155764
2249,1,0.869430,0.000350,0.130221
2250,0,0.001130,0.000201,0.998670
2251,0,0.121875,0.001484,0.876641
2252,0,0.995235,0.000704,0.004061
2253,0,0.001645,0.000203,0.998153
2254,0,0.045533,0.000287,0.954180
2255,1,0.209947,0.767879,0.022174
2256,1,0.061309,0.321400,0.617292
2257,0,0.381825,0.002130,0.616045
2258,1,0.129187,0.675415,0.195398
2259,1,0.836905,0.000595,0.162500
2260,0,0.082223,0.000644,0.917133
2261,1,0.863179,0.000479,0.136342
2262,0,0.000761,0.000377,0.998862
2263,0,0.002239,0.000277,0.997485
2264,0,0.005978,0.000248,0.993774
2265,1,0.343452,0.000823,0.655725
2266,0,0.019631,0.036750,0.943619
2267,1,0.001075,0.000297,0.998629
2268,1,0.364637,0.000899,0.634464
2269,1,0.938237,0.000435,0.061328
2270,1,0.877662,0.000883,0.121455
2271,1,0.030396,0.025513,0.944091
2272,0,0.137330,0.210346,0.652324
2273,0,0.889166,0.000699,0.110135
2274,1,0.900760,0.000879,0.098361
2275,1,0.984264,0.001095,0.014641
2276,1,0.860721,0.000521,0.138759
2277,1,0.123221,0.075186,0.801593
2278,1,0.821547,0.000784,0.177669
2279,1,0.949632,0.000742,0.049626
2280,1,0.782877,0.000738,0.216385
2281,1,0.088668,0.087046,0.824286
2282,1,0.981077,0.009028,0.009895
2283,0,0.077600,0.000654,0.921746
2284,1,0.029776,0.687641,0.282584
2285,1,0.005724,0.000239,0.994038
2286,1,0.986519,0.000617,0.012863
2287,1,0.976257,0.000684,0.023058
2288,1,0.990516,0.002436,0.007048
2289,1,0.000878,0.000515,0.998607
2290,0,0.011152,0.029720,0.959128
2291,1,0.827946,0.000579,0.171475
2292,1,0.088165,0.000607,0.911228
2293,1,0.596071,0.000602,0.403326
2294,1,0.977093,0.000429,0.022477
2295,0,0.033098,0.004629,0.962274
2296,0,0.010054,0.000477,0.989469
2297,1,0.994955,0.000886,0.004159
2298,1,0.003892,0.000641,0.995468
2299,0,0.758084,0.003862,0.238054
2300,0,0.001927,0.033237,0.964836
2301,0,0.975778,0.000594,0.023628
2302,0,0.111464,0.000500,0.888036
2303,1,0.008706,0.006313,0.984981
2304,1,0.982063,0.000390,0.017548
2305,1,0.051373,0.000417,0.948211
2306,1,0.764267,0.000877,0.234857
2307,1,0.000709,0.001127,0.998164
2308,0,0.081323,0.007113,0.911564
2309,0,0.154179,0.001377,0.844444
2310,1,0.614240,0.000774,0.384986
2311,1,0.189021,0.001145,0.809834
2312,0,0.002237,0.000190,0.997573
2313,1,0.075969,0.894693,0.029338
2314,1,0.115244,0.000847,0.883909
2315,1,0.993930,0.003121,0.002949
2316,1,0.640177,0.005789,0.354033
2317,0,0.441394,0.001267,0.557339
2318,1,0.061272,0.000681,0.938048
2319,1,0.090346,0.000456,0.909198
2320,1,0.031580,0.002157,0.966264
2321,1,0.853270,0.000442,0.146288
2322,1,0.246142,0.000872,0.752986
2323,1,0.126770,0.006815,0.866415
2324,1,0.330357,0.000662,0.668981
2325,1,0.040125,0.000423,0.959452
2326,1,0.014625,0.006266,0.979109
2327,0,0.005651,0.000274,0.994076
2328,0,0.026708,0.000811,0.972481
2329,1,0.016548,0.792076,0.191377
2330,1,0.549034,0.000938,0.450029
2331,1,0.001783,0.001237,0.996980
2332,1,0.004855,0.005367,0.989778
2333,0,0.101573,0.000735,0.897692
2334,0,0.009600,0.000328,0.990072
2335,0,0.090102,0.005135,0.904763
2336,0,0.001270,0.000191,0.998539
2337,1,0.769343,0.003659,0.226999
2338,0,0.002238,0.000140,0.997623
2339,1,0.145395,0.229437,0.625168
2340,1,0.965106,0.002688,0.032206
2341,1,0.311937,0.001237,0.686826
2342,1,0.483527,0.000850,0.515623
2343,0,0.000486,0.000852,0.998662
2344,1,0.866226,0.000657,0.133117
2345,1,0.264525,0.001669,0.733806
2346,0,0.001783,0.000129,0.998088
2347,1,0.000810,0.000251,0.998939
2348,1,0.698302,0.000704,0.300994
2349,1,0.316989,0.000507,0.682505
2350,1,0.475507,0.001334,0.523159
2351,0,0.009073,0.000328,0.990599
2352,0,0.008692,0.000276,0.991032
2353,1,0.408248,0.000585,0.591168
2354,1,0.001956,0.001087,0.996957
2355,1,0.007668,0.000302,0.992030
2356,1,0.988937,0.000376,0.010688
2357,1,0.819266,0.000725,0.180009
2358,1,0.695136,0.000525,0.304339
2359,1,0.047703,0.000872,0.951426
2360,0,0.982189,0.000344,0.017467
2361,1,0.978776,0.000991,0.020233
2362,1,0.959429,0.000385,0.040187
2363,1,0.979497,0.000284,0.020219
2364,1,0.960307,0.000369,0.039323
2365,1,0.175388,0.000566,0.824046
2366,1,0.938429,0.000376,0.061195
2367,1,0.005248,0.000403,0.994349
2368,0,0.972864,0.000433,0.026703
2369,1,0.307505,0.004732,0.687763
2370,1,0.240719,0.000506,0.758774
2371,0,0.063880,0.000334,0.935786
2372,0,0.386233,0.000701,0.613066
2373,0,0.047318,0.000297,0.952385
2374,1,0.991823,0.001751,0.006426
2375,0,0.000828,0.000437,0.998734
2376,1,0.993058,0.000694,0.006247
2377,0,0.720333,0.000918,0.278749
2378,1,0.048410,0.000791,0.950799
2379,0,0.019681,0.000211,0.980108
2380,1,0.632810,0.000474,0.366716
2381,1,0.980712,0.000650,0.018637
2382,1,0.609138,0.000869,0.389994
2383,0,0.069503,0.000293,0.930204
2384,1,0.939859,0.000395,0.059746
2385,1,0.989497,0.003706,0.006797
2386,1,0.070306,0.000368,0.929325
2387,1,0.990829,0.001355,0.007816
2388,0,0.060831,0.000737,0.938432
2389,1,0.995370,0.000878,0.003752
2390,0,0.102214,0.330180,0.567607
2391,0,0.841958,0.000679,0.157363
2392,1,0.718132,0.001299,0.280569
2393,1,0.939442,0.000319,0.060239
2394,1,0.958077,0.000678,0.041245
2395,0,0.000931,0.000239,0.998831
2396,0,0.048265,0.145789,0.805946
2397,1,0.988438,0.000788,0.010774
2398,1,0.984072,0.000412,0.015516
2399,0,0.023697,0.000237,0.976066
2400,0,0.002339,0.000433,0.997227
2401,0,0.001496,0.000541,0.997963
2402,0,0.004109,0.000259,0.995632
2403,0,0.001176,0.000146,0.998679
2404,1,0.222051,0.001543,0.776406
2405,1,0.010636,0.000984,0.988381
2406,0,0.884225,0.000507,0.115268
2407,1,0.771904,0.000789,0.227307
2408,0,0.001937,0.000522,0.997541
2409,0,0.032222,0.000177,0.967600
2410,0,0.000518,0.000385,0.999097
2411,0,0.006197,0.000190,0.993612
2412,1,0.306270,0.000751,0.692978
2413,1,0.839033,0.000494,0.160473
2414,0,0.028438,0.000528,0.971034
2415,0,0.000504,0.000771,0.998725
2416,1,0.840172,0.024113,0.135716
2417,0,0.119493,0.000612,0.879895
2418,1,0.175959,0.000344,0.823696
2419,1,0.014057,0.074869,0.911074
2420,1,0.140447,0.000424,0.859129
2421,1,0.013141,0.000415,0.986445
2422,0,0.002576,0.000300,0.997124
2423,1,0.147618,0.000977,0.851405
2424,0,0.006977,0.000538,0.992485
2425,0,0.439573,0.000808,0.559619
2426,0,0.584654,0.000871,0.414475
2427,1,0.001175,0.000377,0.998447
2428,0,0.127511,0.000328,0.872160
2429,1,0.000609,0.000245,0.999145
2430,0,0.012264,0.005096,0.982641
2431,1,0.824299,0.002259,0.173441
2432,1,0.107658,0.005202,0.887140
2433,1,0.528973,0.001329,0.469698
2434,0,0.195108,0.002351,0.802541
2435,0,0.157862,0.001047,0.841091
2436,1,0.295414,0.000607,0.703979
2437,1,0.717030,0.000396,0.282575
2438,0,0.407355,0.017230,0.575414
2439,0,0.024168,0.000515,0.975317
2440,0,0.010812,0.001338,0.987849
2441,0,0.831567,0.000662,0.167771
2442,0,0.001155,0.000354,0.998491
2443,0,0.002281,0.000640,0.997078
2444,1,0.011459,0.001570,0.986971
2445,0,0.016212,0.000224,0.983564
2446,1,0.266502,0.013239,0.720259
2447,1,0.008615,0.003077,0.988307
2448,1,0.948806,0.000699,0.050495
2449,1,0.004322,0.000336,0.995342
2450,1,0.009142,0.003409,0.987449
2451,0,0.005149,0.000191,0.994660
2452,1,0.484110,0.006188,0.509702
2453,0,0.202578,0.000814,0.796608
2454,1,0.433964,0.003969,0.562067
2455,1,0.575468,0.000685,0.423847
2456,1,0.020356,0.000460,0.979185
2457,1,0.944852,0.000989,0.054159
2458,0,0.000795,0.000458,0.998748
2459,1,0.374017,0.000687,0.625296
2460,1,0.032978,0.006415,0.960606
2461,0,0.006198,0.000760,0.993042
2462,0,0.001076,0.000276,0.998648
2463,1,0.505593,0.068055,0.426352
2464,1,0.001729,0.000313,0.997958
2465,0,0.589343,0.000921,0.409737
2466,0,0.098384,0.000708,0.900908
2467,1,0.248132,0.378629,0.373240
2468,0,0.023215,0.320050,0.656735
2469,0,0.005217,0.000221,0.994562
2470,0,0.992428,0.002019,0.005554
2471,1,0.864385,0.001168,0.134447
2472,1,0.144770,0.071834,0.783396
2473,0,0.002443,0.000893,0.996664
2474,0,0.001017,0.000189,0.998794
2475,0,0.009804,0.000847,0.989349
2476,0,0.196707,0.003202,0.800090
2477,0,0.007353,0.000440,0.992207
2478,1,0.555510,0.000785,0.443705
2479,0,0.000639,0.000644,0.998718
2480,0,0.002959,0.000357,0.996684
2481,0,0.011214,0.003076,0.985709
2482,0,0.980929,0.000424,0.018648
2483,0,0.022018,0.000805,0.977177
2484,0,0.071466,0.000857,0.927677
2485,1,0.196280,0.012422,0.791298
2486,0,0.040723,0.003014,0.956262
2487,0,0.001677,0.000300,0.998023
2488,1,0.931501,0.000553,0.067946
2489,0,0.000415,0.000394,0.999191
2490,1,0.010926,0.009444,0.979630
2491,0,0.012938,0.016494,0.970569
2492,1,0.838156,0.042904,0.118940
2493,0,0.000421,0.000567,0.999012
2494,0,0.002422,0.000305,0.997273
2495,0,0.042646,0.000367,0.956988
2496,1,0.847770,0.002610,0.149620
2497,0,0.002796,0.000341,0.996863
2498,1,0.661250,0.001137,0.337613
2499,0,0.019366,0.000349,0.980285
2500,0,0.000290,0.000557,0.999152
2501,1,0.003046,0.000660,0.996294
2502,0,0.008313,0.000268,0.991419
2503,1,0.703670,0.001307,0.295023
2504,1,0.852262,0.001298,0.146440
2505,0,0.855175,0.001588,0.143237
2506,1,0.932409,0.000429,0.067162
2507,0,0.001464,0.000207,0.998329
2508,1,0.435027,0.003103,0.561870
2509,1,0.150006,0.000750,0.849244
2510,1,0.501526,0.002363,0.496111
2511,0,0.061148,0.000713,0.938139
2512,0,0.269562,0.018973,0.711465
2513,1,0.978084,0.000411,0.021505
2514,1,0.170340,0.033048,0.796612
2515,1,0.978666,0.000482,0.020852
2516,1,0.879363,0.000579,0.120059
2517,1,0.228899,0.007591,0.763511
2518,1,0.006592,0.000218,0.993191
2519,1,0.876030,0.001139,0.122831
2520,1,0.107273,0.211219,0.681508
2521,1,0.004720,0.000181,0.995099
2522,1,0.595075,0.000616,0.404309
2523,1,0.170744,0.000472,0.828784
2524,1,0.905538,0.000349,0.094113
2525,1,0.937993,0.000630,0.061378
2526,0,0.763864,0.001635,0.234501
2527,1,0.015580,0.000148,0.984272
2528,1,0.726271,0.000824,0.272905
2529,1,0.029877,0.014046,0.956077
2530,0,0.001269,0.000780,0.997950
2531,0,0.000445,0.000434,0.999122
2532,1,0.987490,0.000378,0.012132
2533,0,0.002459,0.000334,0.997208
2534,1,0.057252,0.672663,0.270084
2535,1,0.005341,0.000154,0.994505
2536,0,0.002558,0.000187,0.997254
2537,1,0.129382,0.129867,0.740751
2538,1,0.786278,0.171488,0.042234
2539,1,0.212833,0.291119,0.496048
2540,0,0.020327,0.000537,0.979136
2541,0,0.002994,0.000627,0.996379
2542,1,0.987932,0.002226,0.009842
2543,0,0.029480,0.000372,0.970148
2544,0,0.209347,0.001455,0.789198
2545,0,0.010137,0.030885,0.958979
2546,0,0.012699,0.054905,0.932396
2547,0,0.075383,0.001164,0.923453
2548,0,0.284094,0.002491,0.713415
2549,1,0.137585,0.001030,0.861385
2550,1,0.325802,0.005069,0.669129
2551,0,0.384340,0.000893,0.614766
2552,0,0.104591,0.003562,0.891847
2553,0,0.000395,0.000535,0.999070
2554,1,0.987454,0.002790,0.009756
2555,0,0.920887,0.000854,0.078258
2556,1,0.299780,0.004831,0.695390
2557,0,0.003305,0.000216,0.996479
2558,1,0.002876,0.001407,0.995717
2559,1,0.392235,0.001999,0.605766
2560,1,0.379705,0.001148,0.619147
2561,1,0.370823,0.576648,0.052529
2562,1,0.000869,0.000196,0.998934
2563,1,0.165211,0.001966,0.832823
2564,0,0.052723,0.004519,0.942757
2565,1,0.544742,0.000857,0.454401
2566,1,0.893875,0.000505,0.105620
2567,1,0.753411,0.000883,0.245706
2568,1,0.193256,0.001025,0.805719
2569,0,0.089540,0.658182,0.252278
2570,1,0.897374,0.005904,0.096722
2571,0,0.001575,0.000342,0.998083
2572,0,0.000395,0.002232,0.997373
2573,1,0.057225,0.790290,0.152485
2574,0,0.000885,0.000614,0.998501
2575,1,0.005371,0.048980,0.945649
2576,1,0.586257,0.001529,0.412213
2577,1,0.837702,0.000453,0.161845
2578,1,0.010317,0.001634,0.988048
2579,1,0.019083,0.000354,0.980562
2580,1,0.277241,0.285187,0.437572
2581,1,0.306574,0.001016,0.692410
2582,1,0.096505,0.262275,0.641220
2583,0,0.032819,0.067752,0.899429
2584,1,0.761440,0.000969,0.237591
2585,1,0.610803,0.003355,0.385842
2586,1,0.992088,0.001624,0.006288
2587,0,0.001804,0.000195,0.998001
2588,0,0.012107,0.005672,0.982221
2589,0,0.000849,0.000201,0.998951
2590,0,0.692568,0.008657,0.298775
2591,0,0.001043,0.000186,0.998771
2592,0,0.040203,0.000953,0.958845
2593,1,0.018776,0.000748,0.980476
2594,0,0.048390,0.001207,0.950403
2595,1,0.521100,0.000963,0.477936
2596,1,0.152218,0.000580,0.847202
2597,1,0.003311,0.002072,0.994617
2598,1,0.010264,0.000384,0.989352
2599,0,0.016828,0.001412,0.981760
2600,0,0.039967,0.001196,0.958837
2601,1,0.560849,0.001204,0.437947
2602,1,0.889323,0.005312,0.105365
2603,1,0.803616,0.002236,0.194148
2604,0,0.035621,0.002836,0.961543
2605,1,0.030705,0.000909,0.968386
2606,1,0.194699,0.001417,0.803885
2607,1,0.951658,0.000663,0.047679
2608,1,0.743369,0.003316,0.253316
2609,1,0.719336,0.002369,0.278295
2610,1,0.893795,0.000580,0.105625
2611,0,0.540420,0.013343,0.446237
2612,1,0.760630,0.000902,0.238468
2613,1,0.053915,0.000805,0.945280
2614,0,0.871601,0.001250,0.127149
2615,1,0.009553,0.001263,0.989184
2616,1,0.176436,0.001139,0.822425
2617,1,0.581744,0.053250,0.365006
2618,1,0.227092,0.000579,0.772328
2619,1,0.255120,0.625747,0.119133
2620,1,0.387662,0.005734,0.606603
2621,0,0.465536,0.017641,0.516823
2622,1,0.019562,0.278171,0.702266
2623,1,0.869258,0.002986,0.127756
2624,1,0.904094,0.005411,0.090495
2625,0,0.004592,0.005762,0.989646
2626,0,0.003977,0.000254,0.995769
2627,0,0.053710,0.001984,0.944306
2628,0,0.001072,0.000729,0.998199
2629,0,0.173407,0.000383,0.826210
2630,1,0.960409,0.003761,0.035830
2631,0,0.643798,0.000542,0.355660
2632,0,0.070705,0.001059,0.928236
2633,1,0.009200,0.000480,0.990320
2634,1,0.805074,0.000627,0.194299
2635,0,0.930163,0.000675,0.069162
2636,0,0.001082,0.000388,0.998530
2637,1,0.144997,0.009788,0.845215
2638,1,0.952144,0.000587,0.047269
2639,0,0.086520,0.013970,0.899510
2640,1,0.411502,0.001117,0.587380
2641,0,0.000928,0.000138,0.998934
2642,1,0.017017,0.000623,0.982360
2643,1,0.005744,0.000206,0.994049
2644,0,0.035809,0.000428,0.963763
2645,1,0.913248,0.000554,0.086198
2646,0,0.001030,0.000438,0.998533
2647,0,0.003459,0.000173,0.996367
2648,1,0.285449,0.001656,0.712895
2649,0,0.000937,0.000266,0.998798
2650,0,0.132247,0.017061,0.850692
2651,1,0.735579,0.001228,0.263192
2652,1,0.953362,0.000426,0.046211
2653,0,0.158588,0.000489,0.840923
2654,0,0.058909,0.003122,0.937968
2655,0,0.006340,0.000306,0.993354
2656,0,0.003389,0.002859,0.993752
2657,0,0.058828,0.066553,0.874618
2658,1,0.076357,0.001001,0.922642
2659,1,0.007262,0.000339,0.992400
2660,0,0.031067,0.013370,0.955563
2661,0,0.954305,0.007489,0.038206
2662,0,0.577593,0.000486,0.421921
2663,1,0.046492,0.000222,0.953286
2664,1,0.857917,0.000441,0.141643
2665,0,0.954810,0.001743,0.043447
2666,1,0.887152,0.000814,0.112034
2667,1,0.844900,0.001304,0.153796
2668,1,0.009164,0.000391,0.990445
2669,1,0.841019,0.033647,0.125334
2670,0,0.626433,0.000777,0.372790
2671,0,0.020501,0.000279,0.979220
2672,1,0.147477,0.637841,0.214682
2673,1,0.006610,0.007663,0.985727
2674,1,0.121002,0.613304,0.265694
2675,1,0.342891,0.003798,0.653311
2676,1,0.446353,0.000671,0.552976
2677,1,0.990912,0.001748,0.007340
2678,1,0.971343,0.001444,0.027214
2679,1,0.212924,0.000694,0.786382
2680,1,0.976428,0.001111,0.022461
2681,0,0.006004,0.000640,0.993356
2682,0,0.079404,0.183690,0.736906
2683,1,0.894842,0.000499,0.104658
2684,0,0.509850,0.000725,0.489425
2685,1,0.014228,0.002272,0.983500
2686,0,0.001928,0.001621,0.996451
2687,0,0.011894,0.000833,0.987273
2688,0,0.068693,0.002231,0.929076
2689,0,0.272932,0.000810,0.726258
2690,0,0.007332,0.001477,0.991191
2691,1,0.874289,0.120174,0.005537
2692,0,0.002877,0.000489,0.996634
2693,1,0.382005,0.007305,0.610690
2694,0,0.248285,0.000746,0.750970
2695,1,0.032088,0.000655,0.967258
2696,1,0.104725,0.856323,0.038952
2697,0,0.976438,0.000609,0.022953
2698,0,0.008134,0.000292,0.991574
2699,0,0.001683,0.024173,0.974144
2700,0,0.077550,0.000923,0.921526
2701,0,0.406149,0.000632,0.593219
2702,1,0.820670,0.000454,0.178876
2703,1,0.025341,0.890040,0.084619
2704,0,0.749722,0.001388,0.248890
2705,0,0.604196,0.142932,0.252872
2706,0,0.006690,0.042879,0.950431
2707,1,0.020609,0.369040,0.610351
2708,1,0.775913,0.006334,0.217753
2709,1,0.001867,0.000605,0.997528
2710,0,0.025550,0.002203,0.972247
2711,0,0.085919,0.000489,0.913591
2712,1,0.093361,0.004128,0.902511
2713,0,0.000520,0.000730,0.998750
2714,0,0.983035,0.001132,0.015833
2715,0,0.001133,0.000151,0.998716
2716,0,0.002219,0.001243,0.996538
2717,0,0.622404,0.001668,0.375929
2718,1,0.226473,0.000738,0.772790
2719,1,0.028021,0.003016,0.968963
2720,1,0.156010,0.001083,0.842907
2721,1,0.386262,0.564158,0.049580
2722,0,0.581363,0.000952,0.417685
2723,1,0.991280,0.000938,0.007782
2724,1,0.915043,0.000582,0.084375
2725,1,0.022264,0.000461,0.977275
2726,1,0.356383,0.008641,0.634976
2727,0,0.800710,0.000474,0.198816
2728,0,0.000581,0.002018,0.997401
2729,1,0.988302,0.008795,0.002903
2730,1,0.902974,0.000500,0.096526
2731,1,0.092624,0.005113,0.902262
2732,1,0.982223,0.000458,0.017319
2733,0,0.084416,0.000985,0.914599
2734,1,0.081840,0.033391,0.884769
2735,1,0.989071,0.000908,0.010021
2736,1,0.122324,0.000919,0.876758
2737,0,0.007155,0.000600,0.992245
2738,1,0.193365,0.001608,0.805027
2739,1,0.010806,0.005836,0.983358
2740,1,0.108198,0.000443,0.891359
2741,0,0.516330,0.001316,0.482354
2742,0,0.002286,0.000170,0.997544
2743,0,0.096036,0.000947,0.903018
2744,1,0.089580,0.763695,0.146725
2745,1,0.001747,0.000348,0.997905
2746,0,0.150338,0.000433,0.849229
2747,0,0.271294,0.121596,0.607110
2748,0,0.006416,0.001281,0.992302
2749,1,0.004827,0.000275,0.994898
2750,1,0.128153,0.341600,0.530247
2751,1,0.671167,0.005232,0.323601
2752,1,0.007790,0.002057,0.990153
2753,1,0.565353,0.001050,0.433597
2754,1,0.066909,0.000704,0.932387
2755,1,0.967681,0.001284,0.031036
2756,0,0.737123,0.001004,0.261873
2757,0,0.011136,0.000363,0.988500
2758,0,0.002166,0.000568,0.997266
2759,1,0.112357,0.001001,0.886642
2760,1,0.307334,0.000459,0.692207
2761,1,0.000644,0.000279,0.999077
2762,1,0.810068,0.000534,0.189398
2763,1,0.872769,0.001862,0.125369
2764,0,0.080195,0.195774,0.724031
2765,0,0.030093,0.502227,0.467679
2766,0,0.017405,0.000335,0.982260
2767,0,0.453429,0.001298,0.545274
2768,0,0.354621,0.000853,0.644525
2769,0,0.008823,0.000348,0.990829
2770,0,0.346215,0.396821,0.256963
2771,0,0.000915,0.000474,0.998611
2772,0,0.005194,0.000132,0.994675
2773,0,0.108175,0.000766,0.891059
2774,1,0.443442,0.000797,0.555761
2775,1,0.152953,0.624223,0.222824
2776,0,0.103021,0.001151,0.895828
2777,0,0.290804,0.000683,0.708513
2778,0,0.000437,0.000474,0.999089
2779,1,0.768707,0.001070,0.230222
2780,0,0.082169,0.011321,0.906509
2781,0,0.957338,0.000820,0.041842
2782,1,0.064351,0.001873,0.933777
2783,0,0.186527,0.001709,0.811764
2784,0,0.053852,0.101020,0.845128
2785,1,0.293826,0.000657,0.705517
2786,1,0.061656,0.000669,0.937676
2787,0,0.003267,0.000447,0.996286
2788,1,0.887246,0.000513,0.112241
2789,1,0.638647,0.001404,0.359949
2790,0,0.311861,0.001406,0.686733
2791,1,0.898806,0.000487,0.100707
2792,0,0.113555,0.000275,0.886170
2793,1,0.988829,0.003183,0.007988
2794,1,0.011911,0.000265,0.987824
2795,0,0.002821,0.007736,0.989443
2796,0,0.977852,0.000417,0.021732
2797,1,0.007096,0.000881,0.992023
2798,0,0.002673,0.000617,0.996710
2799,0,0.159687,0.003716,0.836597
2800,1,0.963170,0.000690,0.036140
2801,0,0.014514,0.000776,0.984710
2802,0,0.495273,0.000941,0.503786
2803,1,0.885869,0.000534,0.113597
2804,0,0.045185,0.000284,0.954532
2805,0,0.002241,0.000154,0.997605
2806,0,0.394439,0.012461,0.593099
2807,1,0.993776,0.000970,0.005254
2808,1,0.685008,0.000569,0.314423
2809,1,0.163268,0.000608,0.836124
2810,1,0.251949,0.000884,0.747167
2811,1,0.104047,0.081555,0.814398
2812,1,0.881263,0.000519,0.118217
2813,1,0.979963,0.008467,0.011570
2814,1,0.983461,0.002094,0.014445
2815,1,0.431394,0.000637,0.567969
2816,1,0.129164,0.000992,0.869844
2817,1,0.907609,0.004610,0.087781
2818,0,0.008492,0.021215,0.970293
2819,1,0.346030,0.001841,0.652129
2820,1,0.961310,0.000771,0.037918
2821,0,0.088316,0.003044,0.908640
2822,0,0.893633,0.001534,0.104832
2823,1,0.064367,0.729759,0.205874
2824,1,0.133081,0.798035,0.068884
2825,0,0.034518,0.000439,0.965042
2826,0,0.060675,0.474093,0.465232
2827,1,0.092950,0.000490,0.906561
2828,0,0.035781,0.022896,0.941323
2829,0,0.001027,0.000287,0.998686
2830,1,0.985506,0.007435,0.007059
2831,0,0.023302,0.000553,0.976145
2832,0,0.005981,0.000297,0.993722
2833,1,0.185096,0.014888,0.800016
2834,1,0.236307,0.000691,0.763002
2835,1,0.061153,0.597542,0.341305
2836,1,0.010376,0.002284,0.987341
2837,1,0.917725,0.000963,0.081313
2838,1,0.931945,0.000911,0.067144
2839,0,0.001599,0.000179,0.998222
2840,0,0.030689,0.000252,0.969059
2841,1,0.025035,0.000394,0.974572
2842,1,0.183705,0.598279,0.218015
2843,1,0.958023,0.000465,0.041512
2844,1,0.987531,0.001478,0.010990
2845,1,0.376470,0.005051,0.618480
2846,1,0.973133,0.005143,0.021723
2847,1,0.993950,0.000539,0.005512
2848,1,0.957178,0.000740,0.042082
2849,1,0.950232,0.001462,0.048306
2850,1,0.003096,0.000167,0.996736
2851,1,0.994763,0.003046,0.002191
2852,1,0.651854,0.000888,0.347258
2853,0,0.003988,0.000378,0.995634
2854,1,0.036412,0.000236,0.963352
2855,0,0.976279,0.000808,0.022913
2856,1,0.986871,0.000455,0.012674
2857,1,0.838684,0.000448,0.160868
2858,1,0.223411,0.270472,0.506116
2859,1,0.724967,0.226493,0.048540
2860,1,0.064367,0.729759,0.205874
2861,1,0.006236,0.000424,0.993340
2862,0,0.098715,0.001074,0.900211
2863,1,0.451362,0.001298,0.547339
2864,1,0.493405,0.000759,0.505836
2865,1,0.716692,0.000638,0.282670
2866,1,0.881281,0.001160,0.117559
2867,1,0.111517,0.090705,0.797778
2868,0,0.267562,0.000835,0.731604
2869,1,0.098838,0.000792,0.900371
2870,1,0.989157,0.006176,0.004667
2871,0,0.028850,0.000572,0.970579
2872,1,0.042874,0.907807,0.049319
2873,0,0.418302,0.004005,0.577692
2874,0,0.936319,0.000890,0.062790
2875,0,0.001070,0.000347,0.998584
2876,0,0.022892,0.035921,0.941187
2877,0,0.001036,0.000250,0.998713
2878,0,0.001064,0.000470,0.998466
2879,0,0.076512,0.000346,0.923142
2880,1,0.027146,0.003837,0.969018
2881,0,0.035392,0.000383,0.964225
2882,1,0.992352,0.000629,0.007018
2883,0,0.010775,0.000348,0.988877
2884,1,0.000598,0.000423,0.998978
2885,0,0.023550,0.000236,0.976214
2886,0,0.910179,0.001234,0.088587
2887,0,0.051377,0.005369,0.943253
2888,1,0.024118,0.053985,0.921897
2889,0,0.049123,0.264493,0.686384
2890,0,0.123874,0.000896,0.875231
2891,0,0.002320,0.000933,0.996747
2892,1,0.016427,0.000305,0.983268
2893,0,0.483276,0.080960,0.435763
2894,1,0.685285,0.002366,0.312349
2895,1,0.107681,0.001572,0.890747
2896,1,0.935784,0.000811,0.063405
2897,0,0.852148,0.037233,0.110619
2898,0,0.001453,0.000153,0.998393
2899,0,0.025582,0.007883,0.966535
2900,0,0.083083,0.006523,0.910394
2901,0,0.318369,0.000500,0.681131
2902,1,0.034278,0.001049,0.964673
2903,0,0.003336,0.024003,0.972662
2904,0,0.487752,0.001049,0.511199
2905,0,0.000598,0.000273,0.999130
2906,0,0.001391,0.000759,0.997850
2907,1,0.184217,0.761825,0.053959
2908,1,0.071580,0.507494,0.420925
2909,0,0.736888,0.002010,0.261102
2910,1,0.988947,0.000705,0.010348
2911,1,0.761205,0.000699,0.238095
2912,1,0.990048,0.000961,0.008991
2913,1,0.069791,0.666865,0.263345
2914,1,0.980195,0.001229,0.018575
2915,1,0.956823,0.000342,0.042835
2916,1,0.995744,0.001674,0.002582
2917,1,0.988566,0.000688,0.010746
2918,1,0.061329,0.005514,0.933157
2919,0,0.195295,0.000809,0.803896
2920,0,0.965328,0.000504,0.034168
2921,1,0.111560,0.283814,0.604625
2922,0,0.773381,0.038020,0.188599
2923,0,0.066263,0.006519,0.927219
2924,1,0.104466,0.003927,0.891607
2925,1,0.001197,0.001541,0.997262
2926,1,0.680822,0.002484,0.316693
2927,1,0.037253,0.000632,0.962115
2928,1,0.561922,0.000582,0.437496
2929,0,0.000509,0.000433,0.999057
2930,0,0.093393,0.000795,0.905813
2931,1,0.756051,0.000528,0.243421
2932,0,0.003394,0.000167,0.996440
2933,0,0.007288,0.009640,0.983072
2934,1,0.987368,0.002462,0.010171
2935,1,0.000424,0.000611,0.998965
2936,0,0.034088,0.000188,0.965724
2937,1,0.000545,0.000550,0.998905
2938,1,0.216442,0.002237,0.781321
2939,1,0.203783,0.001933,0.794284
2940,0,0.001278,0.000246,0.998476
2941,1,0.976063,0.000843,0.023095
2942,1,0.000642,0.000577,0.998782
2943,0,0.023092,0.140982,0.835926
2944,0,0.001467,0.002710,0.995823
2945,0,0.005333,0.009788,0.984879
2946,0,0.039133,0.001637,0.959230
2947,1,0.993031,0.004313,0.002656
2948,0,0.514425,0.429476,0.056099
2949,1,0.841893,0.001526,0.156581
2950,1,0.154290,0.003170,0.842540
2951,0,0.001939,0.000233,0.997828
2952,1,0.260615,0.001150,0.738235
2953,0,0.003339,0.000185,0.996476
2954,0,0.359471,0.002217,0.638312
2955,0,0.026911,0.001292,0.971798
2956,1,0.822483,0.167480,0.010037
2957,1,0.095894,0.000664,0.903441
2958,0,0.302107,0.000683,0.697211
2959,0,0.003800,0.010921,0.985279
2960,0,0.062894,0.002850,0.934256
2961,0,0.372088,0.000706,0.627207
2962,0,0.004003,0.000278,0.995719
2963,0,0.001909,0.000180,0.997911
2964,0,0.252736,0.000625,0.746639
2965,0,0.387597,0.001868,0.610535
2966,1,0.609810,0.001471,0.388719
2967,0,0.030089,0.001099,0.968812
2968,0,0.181198,0.000892,0.817910
2969,0,0.543904,0.000571,0.455524
2970,0,0.024205,0.000642,0.975152
2971,0,0.013361,0.000600,0.986039
2972,0,0.001217,0.001947,0.996836
2973,0,0.042688,0.007815,0.949497
2974,1,0.608042,0.000534,0.391424
2975,0,0.586385,0.001154,0.412461
2976,1,0.757403,0.001228,0.241369
2977,1,0.913189,0.004225,0.082585
2978,1,0.002811,0.004391,0.992799
2979,0,0.098299,0.001998,0.899702
2980,0,0.360647,0.002814,0.636540
2981,1,0.610847,0.000586,0.388568
2982,0,0.043709,0.000633,0.955658
2983,0,0.009503,0.004703,0.985794
2984,1,0.876287,0.000516,0.123197
2985,0,0.127546,0.001109,0.871344
2986,1,0.935570,0.004114,0.060316
2987,1,0.094579,0.003333,0.902087
2988,1,0.000322,0.000365,0.999313
2989,0,0.010196,0.000933,0.988871
2990,0,0.004101,0.000288,0.995612
2991,0,0.198578,0.000741,0.800682
2992,1,0.190692,0.411454,0.397854
2993,1,0.043840,0.002242,0.953917
2994,1,0.992710,0.003199,0.004091
2995,0,0.935847,0.000547,0.063606
2996,1,0.004407,0.000280,0.995314
2997,0,0.003391,0.000380,0.996229
2998,0,0.001334,0.000315,0.998351
2999,0,0.129534,0.013246,0.857220
